[{"main_cframe":[5.09999847412109375,64,2.4000396728515625,0.49729430675506591796875,-0.05225948989391326904296875,0.86600649356842041015625,-0.031520001590251922607421875,0.996436893939971923828125,0.078230358660221099853515625,-0.86700916290283203125,-0.066200040280818939208984375,0.493875205516815185546875],"structure_type":"Wall2TallThin"},{"main_cframe":[-13.6999969482421875,56.90000152587890625,40.4000244140625,0.358377754688262939453125,0,0.933576643466949462890625,0,1,0,-0.933576643466949462890625,0,0.358377754688262939453125],"structure_type":"Wedge1"},{"main_cframe":[51.1999969482421875,34.600002288818359375,-8.9000244140625,-0.98768627643585205078125,0,-0.15644957125186920166015625,0,1,0,0.15644957125186920166015625,0,-0.98768627643585205078125],"structure_type":"Wedge1"},{"main_cframe":[-46,38.600002288818359375,1.5999755859375,0.998631775379180908203125,0,0.0522932447493076324462890625,0,1,0,-0.0522932447493076324462890625,0,0.998631775379180908203125],"structure_type":"Wedge1"},{"main_cframe":[20.5,46.600006103515625,33.79998779296875,-0.499959468841552734375,0,0.8660488128662109375,0,1,0,-0.8660488128662109375,0,-0.499959468841552734375],"structure_type":"Wedge1"},{"main_cframe":[-49.1999969482421875,34.600002288818359375,-8.9000244140625,0.987685978412628173828125,0,-0.15644957125186920166015625,0,1,0,0.15644957125186920166015625,0,0.987685978412628173828125],"structure_type":"Wedge1"},{"main_cframe":[-28.099994659423828125,84.59999847412109375,-10.5999755859375,0.933587551116943359375,0,-0.358349502086639404296875,0,1,0,0.358349502086639404296875,0,0.933587551116943359375],"structure_type":"Wedge1"},{"main_cframe":[-14.1999969482421875,30.59999847412109375,-52.899993896484375,0.258864343166351318359375,0,-0.965913712978363037109375,0,1,0,0.965913712978363037109375,0,0.258864343166351318359375],"structure_type":"Wedge1"},{"main_cframe":[-2.5,128.1999969482421875,-6.0999755859375,0.499959468841552734375,0,-0.8660488128662109375,0,1,0,0.8660488128662109375,0,0.499959468841552734375],"structure_type":"Wedge1_Thin"},{"main_cframe":[-46.600006103515625,30.59999847412109375,-27.5,0.866007268428802490234375,0,-0.500031411647796630859375,0,1,0,0.500031411647796630859375,0,0.866007268428802490234375],"structure_type":"Wedge1"},{"main_cframe":[4.6999969482421875,56.90000152587890625,42.79998779296875,-0.10454332828521728515625,0,0.9945204257965087890625,0,1,0,-0.9945204257965087890625,0,-0.10454332828521728515625],"structure_type":"Wedge1"},{"main_cframe":[10.9000091552734375,124.20001220703125,-4.79998779296875,-0.89099490642547607421875,0,-0.4540134370326995849609375,0,1,0,0.4540134370326995849609375,0,-0.89099490642547607421875],"structure_type":"Wedge1_Thin"},{"main_cframe":[1,54.600006103515625,31,0,0,1,0,1,0,-1,0,0],"structure_type":"Wedge1"},{"main_cframe":[-0.899993896484375,103.90000152587890625,-2.0000152587890625,-0.77606213092803955078125,0.0406364537775516510009765625,-0.62934601306915283203125,-0.013654657639563083648681640625,0.99660527706146240234375,0.081188023090362548828125,0.63050878047943115234375,0.07160045206546783447265625,-0.7728726863861083984375],"structure_type":"Wall2TallThin"},{"main_cframe":[-38,42.600002288818359375,-18.20001220703125,0.913549721240997314453125,0,-0.4067270457744598388671875,0,1,0,0.4067270457744598388671875,0,0.913549721240997314453125],"structure_type":"Wedge1"},{"main_cframe":[8.5,24.09999847412109375,1.2000274658203125,0.1940467357635498046875,-0.074545286595821380615234375,0.9781558513641357421875,0.0073125064373016357421875,0.99719083309173583984375,0.074545286595821380615234375,-0.98096501827239990234375,-0.0073125064373016357421875,0.1940467357635498046875],"structure_type":"Wall2TallThin"},{"main_cframe":[-4.5999908447265625,104.3000030517578125,-22.29998779296875,0.258864343166351318359375,0,-0.965913712978363037109375,0,1,0,0.965913712978363037109375,0,0.258864343166351318359375],"structure_type":"Wedge1"},{"main_cframe":[-3.70000457763671875,120.3000030517578125,-5.20001220703125,0.66910994052886962890625,0,-0.74316346645355224609375,0,1,0,0.74316346645355224609375,0,0.66910994052886962890625],"structure_type":"Wedge1_Thin"},{"main_cframe":[-35.600006103515625,60.90000152587890625,13.29998779296875,0.933587551116943359375,0,0.358349502086639404296875,0,1,0,-0.358349502086639404296875,0,0.933587551116943359375],"structure_type":"Wedge1"},{"main_cframe":[-1.8999786376953125,32.100002288818359375,-7.0999755859375,-0.9335734844207763671875,-4.5136548578739166259765625e-05,-0.3583871424198150634765625,-0.01879097521305084228515625,0.99863064289093017578125,0.0488233976066112518310546875,0.3578941524028778076171875,0.0523146502673625946044921875,-0.93229591846466064453125],"structure_type":"Wall2TallThin"},{"main_cframe":[3.1999969482421875,120.3000030517578125,-6.70001220703125,-0.3090608119964599609375,0,-0.951042234897613525390625,0,1,0,0.951042234897613525390625,0,-0.3090608119964599609375],"structure_type":"Wedge1_Thin"},{"main_cframe":[-18,96.59999847412109375,0,1,0,0,0,1,0,0,0,1],"structure_type":"Wedge1"},{"main_cframe":[5.70000457763671875,120.3000030517578125,-5.20001220703125,-0.6691100597381591796875,0,-0.74316346645355224609375,0,1,0,0.74316346645355224609375,0,-0.6691100597381591796875],"structure_type":"Wedge1_Thin"},{"main_cframe":[20,108.3000030517578125,0,-1,0,0,0,1,0,0,0,-1],"structure_type":"Wedge1"},{"main_cframe":[-0.500030517578125,88,3.0999755859375,0.933573067188262939453125,-4.5136548578739166259765625e-05,-0.3583871424198150634765625,0.01879097521305084228515625,0.99863064289093017578125,0.0488233976066112518310546875,0.3578941524028778076171875,-0.0523146502673625946044921875,0.9322955608367919921875],"structure_type":"Wall2TallThin"},{"main_cframe":[-9.100006103515625,84.59999847412109375,29.29998779296875,0.309060871601104736328125,0,0.951042234897613525390625,0,1,0,-0.951042234897613525390625,0,0.309060871601104736328125],"structure_type":"Wedge1"},{"main_cframe":[5.5,104.59999847412109375,-10,-0.40671539306640625,0,-0.9135549068450927734375,0,1,0,0.9135549068450927734375,0,-0.40671539306640625],"structure_type":"Wedge1_Thin"},{"main_cframe":[10.100006103515625,124.20001220703125,6.20001220703125,-0.83868873119354248046875,0,0.5446112155914306640625,0,1,0,-0.5446112155914306640625,0,-0.83868873119354248046875],"structure_type":"Wedge1_Thin"},{"main_cframe":[4,124.20001220703125,-10.5999755859375,-0.25886440277099609375,0,-0.965913712978363037109375,0,1,0,0.965913712978363037109375,0,-0.25886440277099609375],"structure_type":"Wedge1_Thin"},{"main_cframe":[-28.899993896484375,60.90000152587890625,25.0999755859375,0.777145445346832275390625,0,0.629321038722991943359375,0,1,0,-0.629321038722991943359375,0,0.777145445346832275390625],"structure_type":"Wedge1"},{"main_cframe":[5.1999969482421875,72,-0.9999847412109375,-0.19404685497283935546875,-0.074545286595821380615234375,0.9781558513641357421875,-0.0073125064373016357421875,0.99719083309173583984375,0.074545286595821380615234375,-0.98096501827239990234375,0.0073125064373016357421875,-0.19404685497283935546875],"structure_type":"Wall2TallThin"},{"main_cframe":[5.800018310546875,24.09999847412109375,-6.2999725341796875,-0.77606213092803955078125,-0.0406364537775516510009765625,0.62934601306915283203125,0.013654657639563083648681640625,0.99660527706146240234375,0.081188023090362548828125,-0.63050878047943115234375,0.07160045206546783447265625,-0.7728726863861083984375],"structure_type":"Wall2TallThin"},{"main_cframe":[46.600006103515625,30.59999847412109375,30.79998779296875,-0.83868873119354248046875,0,0.5446112155914306640625,0,1,0,-0.5446112155914306640625,0,-0.83868873119354248046875],"structure_type":"Wedge1"},{"main_cframe":[-1.20000457763671875,103.90000152587890625,1.2999725341796875,0.625908374786376953125,0.0658226311206817626953125,-0.777113974094390869140625,-0.0231830589473247528076171875,0.997561991214752197265625,0.0658226311206817626953125,0.779551923274993896484375,-0.0231830589473247528076171875,0.625908374786376953125],"structure_type":"Wall2TallThin"},{"main_cframe":[20.5,60.90000152587890625,33.79998779296875,-0.499959468841552734375,0,0.8660488128662109375,0,1,0,-0.8660488128662109375,0,-0.499959468841552734375],"structure_type":"Wedge1"},{"main_cframe":[-41.3000030517578125,42.600002288818359375,7.5,0.987685978412628173828125,0,0.15644957125186920166015625,0,1,0,-0.15644957125186920166015625,0,0.987685978412628173828125],"structure_type":"Wedge1"},{"main_cframe":[1,50.600006103515625,35,0,0,1,0,1,0,-1,0,0],"structure_type":"Wedge1"},{"main_cframe":[-8.5,80.90000152587890625,-16.5,0.499959468841552734375,0,-0.8660488128662109375,0,1,0,0.8660488128662109375,0,0.499959468841552734375],"structure_type":"Wedge1"},{"main_cframe":[2.40000152587890625,111.899993896484375,-0.7999725341796875,-0.35056912899017333984375,-0.074540555477142333984375,0.933565676212310791015625,-0.0135147273540496826171875,0.997126400470733642578125,0.074540555477142333984375,-0.936439335346221923828125,0.0135147273540496826171875,-0.35056912899017333984375],"structure_type":"Wall2TallThin"},{"main_cframe":[7.6999969482421875,128.1999969482421875,-2.20001220703125,-0.951068401336669921875,0,-0.308980464935302734375,0,1,0,0.308980464935302734375,0,-0.951068401336669921875],"structure_type":"Wedge1_Thin"},{"main_cframe":[23.399993896484375,92.59999847412109375,5.20001220703125,-0.9781444072723388671875,0,0.20792643725872039794921875,0,1,0,-0.20792643725872039794921875,0,-0.9781444072723388671875],"structure_type":"Wedge1"},{"main_cframe":[-35.600006103515625,46.600006103515625,-13.29998779296875,0.933587551116943359375,0,-0.358349502086639404296875,0,1,0,0.358349502086639404296875,0,0.933587551116943359375],"structure_type":"Wedge1"},{"main_cframe":[47.6999969482421875,38.600002288818359375,4.9000244140625,-0.9945180416107177734375,0,0.104565002024173736572265625,0,1,0,-0.104565002024173736572265625,0,-0.9945180416107177734375],"structure_type":"Wedge1"},{"main_cframe":[-13.1999969482421875,80.59999847412109375,-32,0.406715452671051025390625,0,-0.9135549068450927734375,0,1,0,0.9135549068450927734375,0,0.406715452671051025390625],"structure_type":"Wedge1"},{"main_cframe":[-42.600006103515625,38.600002288818359375,-17.5999755859375,0.933587551116943359375,0,-0.358349502086639404296875,0,1,0,0.358349502086639404296875,0,0.933587551116943359375],"structure_type":"Wedge1"},{"main_cframe":[1,30.59999847412109375,-55,0,0,-1,0,1,0,1,0,0],"structure_type":"Wedge1"},{"main_cframe":[26.09999847412109375,60.90000152587890625,-29.899993896484375,-0.62928617000579833984375,0,-0.7771737575531005859375,0,1,0,0.7771737575531005859375,0,-0.62928617000579833984375],"structure_type":"Wedge1"},{"main_cframe":[40,56.90000152587890625,18.20001220703125,-0.91354978084564208984375,0,0.4067270457744598388671875,0,1,0,-0.4067270457744598388671875,0,-0.91354978084564208984375],"structure_type":"Wedge1"},{"main_cframe":[15.8000030517578125,76.90000152587890625,-17.5999755859375,-0.62928617000579833984375,0,-0.7771737575531005859375,0,1,0,0.7771737575531005859375,0,-0.62928617000579833984375],"structure_type":"Wedge1"},{"main_cframe":[0.7999725341796875,124.899993896484375,0.70001220703125,0.98769092559814453125,3.36132943630218505859375e-05,0.15641824901103973388671875,-0.00822492502629756927490234375,0.998627722263336181640625,0.05172105133533477783203125,-0.15620185434818267822265625,-0.052370943129062652587890625,0.98633575439453125],"structure_type":"Wall2TallThin"},{"main_cframe":[-3.70000457763671875,72,1.4000091552734375,0.35056912899017333984375,0.074540555477142333984375,-0.933565676212310791015625,-0.0135147273540496826171875,0.997126400470733642578125,0.074540555477142333984375,0.936439335346221923828125,-0.0135147273540496826171875,0.35056912899017333984375],"structure_type":"Wall2TallThin"},{"main_cframe":[2.20001220703125,103.90000152587890625,-1.9999847412109375,-0.77606213092803955078125,-0.0406364537775516510009765625,0.62934601306915283203125,0.013654657639563083648681640625,0.99660527706146240234375,0.081188023090362548828125,-0.63050878047943115234375,0.07160045206546783447265625,-0.7728726863861083984375],"structure_type":"Wall2TallThin"},{"main_cframe":[-4.8000030517578125,116.3000030517578125,9.29998779296875,0.54466545581817626953125,0,0.83865344524383544921875,0,1,0,-0.83865344524383544921875,0,0.54466545581817626953125],"structure_type":"Wedge1_Thin"},{"main_cframe":[-13.1999969482421875,80.59999847412109375,32,0.406715452671051025390625,0,0.9135549068450927734375,0,1,0,-0.9135549068450927734375,0,0.406715452671051025390625],"structure_type":"Wedge1"},{"main_cframe":[1.899993896484375,119.899993896484375,-0.1999969482421875,-4.661083221435546875e-05,-0.0523534007370471954345703125,0.998628675937652587890625,-1.2218952178955078125e-06,0.9986286163330078125,0.0523534007370471954345703125,-1,1.2218952178955078125e-06,-4.661083221435546875e-05],"structure_type":"Wall2TallThin"},{"main_cframe":[-5.399993896484375,54.600006103515625,30.29998779296875,0.207885921001434326171875,0,0.97815310955047607421875,0,1,0,-0.97815310955047607421875,0,0.207885921001434326171875],"structure_type":"Wedge1"},{"main_cframe":[-33.1999969482421875,64.90000152587890625,-7.29998779296875,0.978144466876983642578125,0,-0.20792643725872039794921875,0,1,0,0.20792643725872039794921875,0,0.978144466876983642578125],"structure_type":"Wedge1"},{"main_cframe":[36.29999542236328125,60.90000152587890625,-16.5,-0.91354978084564208984375,0,-0.4067270457744598388671875,0,1,0,0.4067270457744598388671875,0,-0.91354978084564208984375],"structure_type":"Wedge1"},{"main_cframe":[28.09999847412109375,84.59999847412109375,-15,-0.86600744724273681640625,0,-0.500031411647796630859375,0,1,0,0.500031411647796630859375,0,-0.86600744724273681640625],"structure_type":"Wedge1"},{"main_cframe":[1.8000030517578125,124.20001220703125,11,-0.05228006839752197265625,0,0.9986324310302734375,0,1,0,-0.9986324310302734375,0,-0.05228006839752197265625],"structure_type":"Wedge1_Thin"},{"main_cframe":[3.39998626708984375,96,0.8000030517578125,0.35056912899017333984375,-0.074540555477142333984375,0.933565676212310791015625,0.0135147273540496826171875,0.997126400470733642578125,0.074540555477142333984375,-0.936439335346221923828125,-0.0135147273540496826171875,0.35056912899017333984375],"structure_type":"Wall2TallThin"},{"main_cframe":[-8.5,124.20001220703125,5.5,0.866007268428802490234375,0,0.500031411647796630859375,0,1,0,-0.500031411647796630859375,0,0.866007268428802490234375],"structure_type":"Wedge1_Thin"},{"main_cframe":[0.60002899169921875,96,-3.0999755859375,-1,0,0,0,0.998631775379180908203125,0.0522932447493076324462890625,0,0.0522932447493076324462890625,-0.9986317157745361328125],"structure_type":"Wall2TallThin"},{"main_cframe":[52,30.59999847412109375,-20.5999755859375,-0.93358790874481201171875,0,-0.358349502086639404296875,0,1,0,0.358349502086639404296875,0,-0.93358790874481201171875],"structure_type":"Wedge1"},{"main_cframe":[-7.70000457763671875,116.3000030517578125,-6.79998779296875,0.777145445346832275390625,0,-0.629321038722991943359375,0,1,0,0.629321038722991943359375,0,0.777145445346832275390625],"structure_type":"Wedge1_Thin"},{"main_cframe":[3.8000030517578125,128.1999969482421875,-6.4000244140625,-0.40671539306640625,0,-0.9135549068450927734375,0,1,0,0.9135549068450927734375,0,-0.40671539306640625],"structure_type":"Wedge1_Thin"},{"main_cframe":[-13.90000152587890625,100.59999847412109375,1.5999755859375,0.9945180416107177734375,0,0.104565002024173736572265625,0,1,0,-0.104565002024173736572265625,0,0.9945180416107177734375],"structure_type":"Wedge1"},{"main_cframe":[-7.6999969482421875,116.3000030517578125,6.79998779296875,0.777145445346832275390625,0,0.629321038722991943359375,0,1,0,-0.629321038722991943359375,0,0.777145445346832275390625],"structure_type":"Wedge1_Thin"},{"main_cframe":[-8.5,104.59999847412109375,-5.5,0.866007268428802490234375,0,-0.500031411647796630859375,0,1,0,0.500031411647796630859375,0,0.866007268428802490234375],"structure_type":"Wedge1_Thin"},{"main_cframe":[8.5,76.90000152587890625,-21.70001220703125,-0.3090608119964599609375,0,-0.951042234897613525390625,0,1,0,0.951042234897613525390625,0,-0.3090608119964599609375],"structure_type":"Wedge1"},{"main_cframe":[11.1999969482421875,124.20001220703125,4.0999755859375,-0.93358790874481201171875,0,0.358349502086639404296875,0,1,0,-0.358349502086639404296875,0,-0.93358790874481201171875],"structure_type":"Wedge1_Thin"},{"main_cframe":[-37.1999969482421875,30.59999847412109375,39.5999755859375,0.707134246826171875,0,0.70707929134368896484375,0,1,0,-0.70707929134368896484375,0,0.707134246826171875],"structure_type":"Wedge1"},{"main_cframe":[7.8000030517578125,128.1999969482421875,1.5,-0.9781444072723388671875,0,0.20792643725872039794921875,0,1,0,-0.20792643725872039794921875,0,-0.9781444072723388671875],"structure_type":"Wedge1_Thin"},{"main_cframe":[-0.5,120.3000030517578125,6.79998779296875,0.207885921001434326171875,0,0.97815310955047607421875,0,1,0,-0.97815310955047607421875,0,0.207885921001434326171875],"structure_type":"Wedge1_Thin"},{"main_cframe":[9.20000457763671875,8.200000762939453125,-3.2999725341796875,-0.35056912899017333984375,-0.074540555477142333984375,0.933565676212310791015625,-0.0135147273540496826171875,0.997126400470733642578125,0.074540555477142333984375,-0.936439335346221923828125,0.0135147273540496826171875,-0.35056912899017333984375],"structure_type":"Wall2TallThin"},{"main_cframe":[54.40000152587890625,30.59999847412109375,-13.29998779296875,-0.9659297466278076171875,0,-0.258804798126220703125,0,1,0,0.258804798126220703125,0,-0.9659297466278076171875],"structure_type":"Wedge1"},{"main_cframe":[-5.5,72.90000152587890625,-26.20001220703125,0.258864343166351318359375,0,-0.965913712978363037109375,0,1,0,0.965913712978363037109375,0,0.258864343166351318359375],"structure_type":"Wedge1"},{"main_cframe":[2.8999786376953125,88,2.5000152587890625,0.77606201171875,-0.0406364537775516510009765625,0.62934601306915283203125,-0.013654657639563083648681640625,0.99660527706146240234375,0.081188023090362548828125,-0.63050878047943115234375,-0.07160045206546783447265625,0.772872626781463623046875],"structure_type":"Wall2TallThin"},{"main_cframe":[4,124.20001220703125,10.5999755859375,-0.25886440277099609375,0,0.965913712978363037109375,0,1,0,-0.965913712978363037109375,0,-0.25886440277099609375],"structure_type":"Wedge1_Thin"},{"main_cframe":[-26.5999908447265625,56.90000152587890625,-32.899993896484375,0.6292860507965087890625,0,-0.7771737575531005859375,0,1,0,0.7771737575531005859375,0,0.6292860507965087890625],"structure_type":"Wedge1"},{"main_cframe":[12.0999908447265625,100.59999847412109375,-10,-0.74314785003662109375,0,-0.6691272258758544921875,0,1,0,0.6691272258758544921875,0,-0.74314785003662109375],"structure_type":"Wedge1"},{"main_cframe":[1.7999725341796875,40.100002288818359375,6.5999755859375,0.98769092559814453125,3.36132943630218505859375e-05,0.15641824901103973388671875,-0.00822492502629756927490234375,0.998627722263336181640625,0.05172105133533477783203125,-0.15620185434818267822265625,-0.052370943129062652587890625,0.98633575439453125],"structure_type":"Wall2TallThin"},{"main_cframe":[0.59996795654296875,40.100002288818359375,6.70001220703125,1,0,0,0,0.998631775379180908203125,0.0522932447493076324462890625,0,-0.0522932447493076324462890625,0.998631775379180908203125],"structure_type":"Wall2TallThin"},{"main_cframe":[-32.8000030517578125,46.600006103515625,19.5,0.866007268428802490234375,0,0.500031411647796630859375,0,1,0,-0.500031411647796630859375,0,0.866007268428802490234375],"structure_type":"Wedge1"},{"main_cframe":[7.5,38.600002288818359375,46.5,-0.15644609928131103515625,0,0.987686574459075927734375,0,1,0,-0.987686574459075927734375,0,-0.15644609928131103515625],"structure_type":"Wedge1"},{"main_cframe":[31.1999969482421875,84.59999847412109375,7,-0.9781444072723388671875,0,0.20792643725872039794921875,0,1,0,-0.20792643725872039794921875,0,-0.9781444072723388671875],"structure_type":"Wedge1"},{"main_cframe":[11.8000030517578125,104.3000030517578125,20.29998779296875,-0.4539725780487060546875,0,0.89101564884185791015625,0,1,0,-0.89101564884185791015625,0,-0.4539725780487060546875],"structure_type":"Wedge1"},{"main_cframe":[-33.8000030517578125,50.600006103515625,3.70001220703125,0.9945180416107177734375,0,0.104565002024173736572265625,0,1,0,-0.104565002024173736572265625,0,0.9945180416107177734375],"structure_type":"Wedge1"},{"main_cframe":[1.300018310546875,119.899993896484375,-1.2999725341796875,-0.8648388385772705078125,-0.045297421514987945556640625,0.500002682209014892578125,0.00016589649021625518798828125,0.995895564556121826171875,0.090509481728076934814453125,-0.502050340175628662109375,0.078359030187129974365234375,-0.8612816333770751953125],"structure_type":"Wall2TallThin"},{"main_cframe":[19.1999969482421875,56.90000152587890625,39,-0.40671539306640625,0,0.9135549068450927734375,0,1,0,-0.9135549068450927734375,0,-0.40671539306640625],"structure_type":"Wedge1"},{"main_cframe":[31.70000457763671875,68.90000152587890625,-4.29998779296875,-0.98768627643585205078125,0,-0.15644957125186920166015625,0,1,0,0.15644957125186920166015625,0,-0.98768627643585205078125],"structure_type":"Wedge1"},{"main_cframe":[29.70000457763671875,84.59999847412109375,-11.5999755859375,-0.93358790874481201171875,0,-0.358349502086639404296875,0,1,0,0.358349502086639404296875,0,-0.93358790874481201171875],"structure_type":"Wedge1"},{"main_cframe":[21.6999969482421875,84.59999847412109375,23,-0.6691100597381591796875,0,0.74316346645355224609375,0,1,0,-0.74316346645355224609375,0,-0.6691100597381591796875],"structure_type":"Wedge1"},{"main_cframe":[-1.3000030517578125,132.1999969482421875,1.9000244140625,0.777145445346832275390625,0,0.629321038722991943359375,0,1,0,-0.629321038722991943359375,0,0.777145445346832275390625],"structure_type":"Wedge1_Thin"},{"main_cframe":[34.8000030517578125,60.90000152587890625,19.5,-0.86600744724273681640625,0,0.500031411647796630859375,0,1,0,-0.500031411647796630859375,0,-0.86600744724273681640625],"structure_type":"Wedge1"},{"main_cframe":[-48.399993896484375,30.59999847412109375,24.0999755859375,0.890994846820831298828125,0,0.4540134370326995849609375,0,1,0,-0.4540134370326995849609375,0,0.890994846820831298828125],"structure_type":"Wedge1"},{"main_cframe":[44,56.90000152587890625,0,-1,0,0,0,1,0,0,0,-1],"structure_type":"Wedge1"},{"main_cframe":[-29.8000030517578125,84.59999847412109375,-3.20001220703125,0.9945180416107177734375,0,-0.104565002024173736572265625,0,1,0,0.104565002024173736572265625,0,0.9945180416107177734375],"structure_type":"Wedge1"},{"main_cframe":[0.59996795654296875,103.90000152587890625,2.20001220703125,1,0,0,0,0.998631775379180908203125,0.0522932447493076324462890625,0,-0.0522932447493076324462890625,0.998631775379180908203125],"structure_type":"Wall2TallThin"},{"main_cframe":[2.89998626708984375,103.90000152587890625,0.5999908447265625,0.35056912899017333984375,-0.074540555477142333984375,0.933565676212310791015625,0.0135147273540496826171875,0.997126400470733642578125,0.074540555477142333984375,-0.936439335346221923828125,-0.0135147273540496826171875,0.35056912899017333984375],"structure_type":"Wall2TallThin"},{"main_cframe":[17.5,60.90000152587890625,-35.29998779296875,-0.40671539306640625,0,-0.9135549068450927734375,0,1,0,0.9135549068450927734375,0,-0.40671539306640625],"structure_type":"Wedge1"},{"main_cframe":[-8.100006103515625,104.59999847412109375,6.20001220703125,0.8386886119842529296875,0,0.5446112155914306640625,0,1,0,-0.5446112155914306640625,0,0.8386886119842529296875],"structure_type":"Wedge1_Thin"},{"main_cframe":[-7.1999969482421875,104.59999847412109375,7.4000244140625,0.74314785003662109375,0,0.6691272258758544921875,0,1,0,-0.6691272258758544921875,0,0.74314785003662109375],"structure_type":"Wedge1_Thin"},{"main_cframe":[-41.30001068115234375,34.600002288818359375,-28.5,0.8386886119842529296875,0,-0.5446112155914306640625,0,1,0,0.5446112155914306640625,0,0.8386886119842529296875],"structure_type":"Wedge1"},{"main_cframe":[14,112.3000030517578125,-7.5,-0.86600744724273681640625,0,-0.500031411647796630859375,0,1,0,0.500031411647796630859375,0,-0.86600744724273681640625],"structure_type":"Wedge1"},{"main_cframe":[4.8000030517578125,116.3000030517578125,10.29998779296875,-0.35837781429290771484375,0,0.933576643466949462890625,0,1,0,-0.933576643466949462890625,0,-0.35837781429290771484375],"structure_type":"Wedge1_Thin"},{"main_cframe":[0.60002899169921875,88,-3.70001220703125,-1,0,0,0,0.998631775379180908203125,0.0522932447493076324462890625,0,0.0522932447493076324462890625,-0.9986317157745361328125],"structure_type":"Wall2TallThin"},{"main_cframe":[3.5999908447265625,72,3.3000030517578125,0.77606201171875,-0.0406364537775516510009765625,0.62934601306915283203125,-0.013654657639563083648681640625,0.99660527706146240234375,0.081188023090362548828125,-0.63050878047943115234375,-0.07160045206546783447265625,0.772872626781463623046875],"structure_type":"Wall2TallThin"},{"main_cframe":[-1.399993896484375,72.90000152587890625,26.9000244140625,0.10454308986663818359375,0,0.9945204257965087890625,0,1,0,-0.9945204257965087890625,0,0.10454308986663818359375],"structure_type":"Wedge1"},{"main_cframe":[-36,38.600002288818359375,-28.899993896484375,0.777145445346832275390625,0,-0.629321038722991943359375,0,1,0,0.629321038722991943359375,0,0.777145445346832275390625],"structure_type":"Wedge1"},{"main_cframe":[-7.9000091552734375,16.200000762939453125,-0.2000274658203125,-4.661083221435546875e-05,0.0523534007370471954345703125,-0.998628675937652587890625,1.2218952178955078125e-06,0.9986286163330078125,0.0523534007370471954345703125,1,1.2218952178955078125e-06,-4.661083221435546875e-05],"structure_type":"Wall2TallThin"},{"main_cframe":[-1.6999664306640625,40.100002288818359375,-6.5999755859375,-0.9335734844207763671875,-4.5136548578739166259765625e-05,-0.3583871424198150634765625,-0.01879097521305084228515625,0.99863064289093017578125,0.0488233976066112518310546875,0.3578941524028778076171875,0.0523146502673625946044921875,-0.93229591846466064453125],"structure_type":"Wall2TallThin"},{"main_cframe":[3.300018310546875,80,-3.2999725341796875,-0.77606213092803955078125,-0.0406364537775516510009765625,0.62934601306915283203125,0.013654657639563083648681640625,0.99660527706146240234375,0.081188023090362548828125,-0.63050878047943115234375,0.07160045206546783447265625,-0.7728726863861083984375],"structure_type":"Wall2TallThin"},{"main_cframe":[-28.099994659423828125,68.90000152587890625,-10.5999755859375,0.933587551116943359375,0,-0.358349502086639404296875,0,1,0,0.358349502086639404296875,0,0.933587551116943359375],"structure_type":"Wedge1"},{"main_cframe":[34.79999542236328125,60.90000152587890625,-19.5,-0.86600744724273681640625,0,-0.500031411647796630859375,0,1,0,0.500031411647796630859375,0,-0.86600744724273681640625],"structure_type":"Wedge1"},{"main_cframe":[-5.5,108.3000030517578125,17.9000244140625,0.358377754688262939453125,0,0.933576643466949462890625,0,1,0,-0.933576643466949462890625,0,0.358377754688262939453125],"structure_type":"Wedge1"},{"main_cframe":[16.399993896484375,104.3000030517578125,17.0999755859375,-0.6691100597381591796875,0,0.74316346645355224609375,0,1,0,-0.74316346645355224609375,0,-0.6691100597381591796875],"structure_type":"Wedge1"},{"main_cframe":[10.9000091552734375,104.59999847412109375,-4.79998779296875,-0.89099490642547607421875,0,-0.4540134370326995849609375,0,1,0,0.4540134370326995849609375,0,-0.89099490642547607421875],"structure_type":"Wedge1_Thin"},{"main_cframe":[-34.1999969482421875,42.600002288818359375,24.70001220703125,0.808997452259063720703125,0,0.5878121852874755859375,0,1,0,-0.5878121852874755859375,0,0.808997452259063720703125],"structure_type":"Wedge1"},{"main_cframe":[25.9000091552734375,38.600002288818359375,-39.899993896484375,-0.5446655750274658203125,0,-0.83865344524383544921875,0,1,0,0.83865344524383544921875,0,-0.5446655750274658203125],"structure_type":"Wedge1"},{"main_cframe":[-20.3000030517578125,104.3000030517578125,8.5999755859375,0.933587551116943359375,0,0.358349502086639404296875,0,1,0,-0.358349502086639404296875,0,0.933587551116943359375],"structure_type":"Wedge1"},{"main_cframe":[4.29998779296875,56.100006103515625,4.2000274658203125,0.77606201171875,-0.0406364537775516510009765625,0.62934601306915283203125,-0.013654657639563083648681640625,0.99660527706146240234375,0.081188023090362548828125,-0.63050878047943115234375,-0.07160045206546783447265625,0.772872626781463623046875],"structure_type":"Wall2TallThin"},{"main_cframe":[7.5,108.3000030517578125,17.9000244140625,-0.35837781429290771484375,0,0.933576643466949462890625,0,1,0,-0.933576643466949462890625,0,-0.35837781429290771484375],"structure_type":"Wedge1"},{"main_cframe":[11.5,104.59999847412109375,-3.4000244140625,-0.951068401336669921875,0,-0.308980464935302734375,0,1,0,0.308980464935302734375,0,-0.951068401336669921875],"structure_type":"Wedge1_Thin"},{"main_cframe":[-6.5,54.600006103515625,-30.100006103515625,0.258864343166351318359375,0,-0.965913712978363037109375,0,1,0,0.965913712978363037109375,0,0.258864343166351318359375],"structure_type":"Wedge1"},{"main_cframe":[7.6999969482421875,120.3000030517578125,-2.20001220703125,-0.951068401336669921875,0,-0.308980464935302734375,0,1,0,0.308980464935302734375,0,-0.951068401336669921875],"structure_type":"Wedge1_Thin"},{"main_cframe":[-4.20000457763671875,48.100006103515625,3.9000091552734375,0.625908374786376953125,0.0658226311206817626953125,-0.777113974094390869140625,-0.0231830589473247528076171875,0.997561991214752197265625,0.0658226311206817626953125,0.779551923274993896484375,-0.0231830589473247528076171875,0.625908374786376953125],"structure_type":"Wall2TallThin"},{"main_cframe":[-27.3000030517578125,80.59999847412109375,-20.5999755859375,0.808997452259063720703125,0,-0.5878121852874755859375,0,1,0,0.5878121852874755859375,0,0.808997452259063720703125],"structure_type":"Wedge1"},{"main_cframe":[-9.90000152587890625,104.59999847412109375,1.0999755859375,0.9945180416107177734375,0,0.104565002024173736572265625,0,1,0,-0.104565002024173736572265625,0,0.9945180416107177734375],"structure_type":"Wedge1_Thin"},{"main_cframe":[-1.399993896484375,80,-3.7000274658203125,-0.8648388385772705078125,0.045297421514987945556640625,-0.500002682209014892578125,-0.00016589649021625518798828125,0.995895564556121826171875,0.090509481728076934814453125,0.502050340175628662109375,0.078359030187129974365234375,-0.8612816333770751953125],"structure_type":"Wall2TallThin"},{"main_cframe":[-1.8000030517578125,104.3000030517578125,-22.79998779296875,0.10454308986663818359375,0,-0.9945204257965087890625,0,1,0,0.9945204257965087890625,0,0.10454308986663818359375],"structure_type":"Wedge1"},{"main_cframe":[-5.79999542236328125,32.100002288818359375,-3.9000396728515625,-0.49729430675506591796875,0.05225948989391326904296875,-0.86600649356842041015625,-0.031520001590251922607421875,0.996436893939971923828125,0.078230358660221099853515625,0.86700916290283203125,0.066200040280818939208984375,-0.49387514591217041015625],"structure_type":"Wall2TallThin"},{"main_cframe":[26.100006103515625,60.90000152587890625,29.9000244140625,-0.62928617000579833984375,0,0.7771737575531005859375,0,1,0,-0.7771737575531005859375,0,-0.62928617000579833984375],"structure_type":"Wedge1"},{"main_cframe":[-7.20000457763671875,104.59999847412109375,-7.4000244140625,0.74314785003662109375,0,-0.6691272258758544921875,0,1,0,0.6691272258758544921875,0,0.74314785003662109375],"structure_type":"Wedge1_Thin"},{"main_cframe":[-7.3000030517578125,24.09999847412109375,-0.2000274658203125,-4.661083221435546875e-05,0.0523534007370471954345703125,-0.998628675937652587890625,1.2218952178955078125e-06,0.9986286163330078125,0.0523534007370471954345703125,1,1.2218952178955078125e-06,-4.661083221435546875e-05],"structure_type":"Wall2TallThin"},{"main_cframe":[7.8000030517578125,120.3000030517578125,-1.5,-0.9781444072723388671875,0,-0.20792643725872039794921875,0,1,0,0.20792643725872039794921875,0,-0.9781444072723388671875],"structure_type":"Wedge1_Thin"},{"main_cframe":[-4.59999847412109375,40.100002288818359375,4.1999969482421875,0.625908374786376953125,0.0658226311206817626953125,-0.777113974094390869140625,-0.0231830589473247528076171875,0.997561991214752197265625,0.0658226311206817626953125,0.779551923274993896484375,-0.0231830589473247528076171875,0.625908374786376953125],"structure_type":"Wall2TallThin"},{"main_cframe":[-2.8000030517578125,104.59999847412109375,10.29998779296875,0.358377754688262939453125,0,0.933576643466949462890625,0,1,0,-0.933576643466949462890625,0,0.358377754688262939453125],"structure_type":"Wedge1_Thin"},{"main_cframe":[44.600006103515625,38.600002288818359375,17.5999755859375,-0.93358790874481201171875,0,0.358349502086639404296875,0,1,0,-0.358349502086639404296875,0,-0.93358790874481201171875],"structure_type":"Wedge1"},{"main_cframe":[10.5,124.20001220703125,5.5,-0.86600744724273681640625,0,0.500031411647796630859375,0,1,0,-0.500031411647796630859375,0,-0.86600744724273681640625],"structure_type":"Wedge1_Thin"},{"main_cframe":[15.59999847412109375,96.59999847412109375,-12.20001220703125,-0.77714550495147705078125,0,-0.629321038722991943359375,0,1,0,0.629321038722991943359375,0,-0.77714550495147705078125],"structure_type":"Wedge1"},{"main_cframe":[-0.5,124.20001220703125,-10.9000244140625,0.156445980072021484375,0,-0.987686574459075927734375,0,1,0,0.987686574459075927734375,0,0.156445980072021484375],"structure_type":"Wedge1_Thin"},{"main_cframe":[1.8000030517578125,116.3000030517578125,-11,-0.05228006839752197265625,0,-0.9986324310302734375,0,1,0,0.9986324310302734375,0,-0.05228006839752197265625],"structure_type":"Wedge1_Thin"},{"main_cframe":[-31.600006103515625,38.600002288818359375,33.79998779296875,0.707134246826171875,0,0.70707929134368896484375,0,1,0,-0.70707929134368896484375,0,0.707134246826171875],"structure_type":"Wedge1"},{"main_cframe":[-31,50.600006103515625,-14.20001220703125,0.913549721240997314453125,0,-0.4067270457744598388671875,0,1,0,0.4067270457744598388671875,0,0.913549721240997314453125],"structure_type":"Wedge1"},{"main_cframe":[17.5,96.59999847412109375,-9.5,-0.86600744724273681640625,0,-0.500031411647796630859375,0,1,0,0.500031411647796630859375,0,-0.86600744724273681640625],"structure_type":"Wedge1"},{"main_cframe":[34.29999542236328125,50.600006103515625,-10.79998779296875,-0.951068401336669921875,0,-0.308980464935302734375,0,1,0,0.308980464935302734375,0,-0.951068401336669921875],"structure_type":"Wedge1"},{"main_cframe":[-10.4000091552734375,30.59999847412109375,-53.79998779296875,0.207885921001434326171875,0,-0.97815310955047607421875,0,1,0,0.97815310955047607421875,0,0.207885921001434326171875],"structure_type":"Wedge1"},{"main_cframe":[11.90000152587890625,116.3000030517578125,-1.0999755859375,-0.9945180416107177734375,0,-0.104565002024173736572265625,0,1,0,0.104565002024173736572265625,0,-0.9945180416107177734375],"structure_type":"Wedge1_Thin"},{"main_cframe":[-24,88.59999847412109375,10.0999755859375,0.933587551116943359375,0,0.358349502086639404296875,0,1,0,-0.358349502086639404296875,0,0.933587551116943359375],"structure_type":"Wedge1"},{"main_cframe":[-36.9000091552734375,34.600002288818359375,-34.100006103515625,0.74314785003662109375,0,-0.6691272258758544921875,0,1,0,0.6691272258758544921875,0,0.74314785003662109375],"structure_type":"Wedge1"},{"main_cframe":[-5.5,104.59999847412109375,8.9000244140625,0.5877487659454345703125,0,0.80904352664947509765625,0,1,0,-0.80904352664947509765625,0,0.5877487659454345703125],"structure_type":"Wedge1_Thin"},{"main_cframe":[4.8000030517578125,104.59999847412109375,10.29998779296875,-0.35837781429290771484375,0,0.933576643466949462890625,0,1,0,-0.933576643466949462890625,0,-0.35837781429290771484375],"structure_type":"Wedge1_Thin"},{"main_cframe":[-42.29998779296875,30.59999847412109375,33.9000244140625,0.777145445346832275390625,0,0.629321038722991943359375,0,1,0,-0.629321038722991943359375,0,0.777145445346832275390625],"structure_type":"Wedge1"},{"main_cframe":[8,120.3000030517578125,0.70001220703125,-0.9945180416107177734375,0,0.104565002024173736572265625,0,1,0,-0.104565002024173736572265625,0,-0.9945180416107177734375],"structure_type":"Wedge1_Thin"},{"main_cframe":[4.6000213623046875,24.09999847412109375,-7.0999603271484375,-0.8648388385772705078125,-0.045297421514987945556640625,0.500002682209014892578125,0.00016589649021625518798828125,0.995895564556121826171875,0.090509481728076934814453125,-0.502050340175628662109375,0.078359030187129974365234375,-0.8612816333770751953125],"structure_type":"Wall2TallThin"},{"main_cframe":[52,30.59999847412109375,20.5999755859375,-0.93358790874481201171875,0,0.358349502086639404296875,0,1,0,-0.358349502086639404296875,0,-0.93358790874481201171875],"structure_type":"Wedge1"},{"main_cframe":[-20.3000030517578125,92.59999847412109375,8.5999755859375,0.933587551116943359375,0,0.358349502086639404296875,0,1,0,-0.358349502086639404296875,0,0.933587551116943359375],"structure_type":"Wedge1"},{"main_cframe":[30.90000152587890625,46.600006103515625,-25.100006103515625,-0.77714550495147705078125,0,-0.629321038722991943359375,0,1,0,0.629321038722991943359375,0,-0.77714550495147705078125],"structure_type":"Wedge1"},{"main_cframe":[-1.8000030517578125,128.1999969482421875,6.4000244140625,0.406715452671051025390625,0,0.9135549068450927734375,0,1,0,-0.9135549068450927734375,0,0.406715452671051025390625],"structure_type":"Wedge1_Thin"},{"main_cframe":[-3.0999755859375,32.100002288818359375,-6.5999908447265625,-0.8648388385772705078125,0.045297421514987945556640625,-0.500002682209014892578125,-0.00016589649021625518798828125,0.995895564556121826171875,0.090509481728076934814453125,0.502050340175628662109375,0.078359030187129974365234375,-0.8612816333770751953125],"structure_type":"Wall2TallThin"},{"main_cframe":[-6.30001068115234375,8.200000762939453125,5.5999603271484375,0.625908374786376953125,0.0658226311206817626953125,-0.777113974094390869140625,-0.0231830589473247528076171875,0.997561991214752197265625,0.0658226311206817626953125,0.779551923274993896484375,-0.0231830589473247528076171875,0.625908374786376953125],"structure_type":"Wall2TallThin"},{"main_cframe":[1.2999725341796875,111.899993896484375,1.5,0.933573067188262939453125,4.5136548578739166259765625e-05,0.3583871424198150634765625,-0.01879097521305084228515625,0.99863064289093017578125,0.0488233976066112518310546875,-0.3578941524028778076171875,-0.0523146502673625946044921875,0.9322955608367919921875],"structure_type":"Wall2TallThin"},{"main_cframe":[28.59999847412109375,56.90000152587890625,-32.899993896484375,-0.62928617000579833984375,0,-0.7771737575531005859375,0,1,0,0.7771737575531005859375,0,-0.62928617000579833984375],"structure_type":"Wedge1"},{"main_cframe":[4.9000091552734375,16.200000762939453125,-7.5999603271484375,-0.8648388385772705078125,-0.045297421514987945556640625,0.500002682209014892578125,0.00016589649021625518798828125,0.995895564556121826171875,0.090509481728076934814453125,-0.502050340175628662109375,0.078359030187129974365234375,-0.8612816333770751953125],"structure_type":"Wall2TallThin"},{"main_cframe":[-6.3000030517578125,80.59999847412109375,-34.20001220703125,0.207885921001434326171875,0,-0.97815310955047607421875,0,1,0,0.97815310955047607421875,0,0.207885921001434326171875],"structure_type":"Wedge1"},{"main_cframe":[5.6999969482421875,128.1999969482421875,5.20001220703125,-0.6691100597381591796875,0,0.74316346645355224609375,0,1,0,-0.74316346645355224609375,0,-0.6691100597381591796875],"structure_type":"Wedge1_Thin"},{"main_cframe":[11.5,124.20001220703125,3.4000244140625,-0.951068401336669921875,0,0.308980464935302734375,0,1,0,-0.308980464935302734375,0,-0.951068401336669921875],"structure_type":"Wedge1_Thin"},{"main_cframe":[-0.499969482421875,88,-3.5,-0.9335734844207763671875,-4.51365485