[{"main_cframe":[-12.5,-1.200000762939453125,-96.20000457763671875,-0.9945180416107177734375,0,-0.104565002024173736572265625,0,1,0,0.104565002024173736572265625,0,-0.9945180416107177734375],"structure_type":"Wall2Tall"},{"main_cframe":[-1.5,1.3999996185302734375,-97,-1,0,0,0,1,0,0,0,-1],"structure_type":"Wall2Tall"},{"main_cframe":[2.1999969482421875,2.799999237060546875,-96.89998626708984375,-1,0,0,0,0.998631775379180908203125,0.0522932447493076324462890625,0,0.0522932447493076324462890625,-0.9986317157745361328125],"structure_type":"Wall2Tall"},{"main_cframe":[-4,-0.700000762939453125,-96.90000152587890625,-0.9986317157745361328125,0,-0.0522932447493076324462890625,0,1,0,0.0522932447493076324462890625,0,-0.9986317157745361328125],"structure_type":"Wall2Tall"},{"main_cframe":[-1.3000030517578125,4.799999237060546875,-96.89998626708984375,-1,0,0,0,0.998631775379180908203125,0.0522932447493076324462890625,0,0.0522932447493076324462890625,-0.9986317157745361328125],"structure_type":"Wall2Tall"},{"main_cframe":[5.399993896484375,2,-96.8000030517578125,-0.9986317157745361328125,0,0.0522932447493076324462890625,0,1,0,-0.0522932447493076324462890625,0,-0.9986317157745361328125],"structure_type":"Wall2Tall"},{"main_cframe":[-5.6999969482421875,2.299999237060546875,-96.800018310546875,-0.9986317157745361328125,0,-0.0522932447493076324462890625,0,1,0,0.0522932447493076324462890625,0,-0.9986317157745361328125],"structure_type":"Wall2Tall"},{"main_cframe":[2,6.5,-96.8000030517578125,-1,0,0,0,0.998631775379180908203125,0.0522932447493076324462890625,0,0.0522932447493076324462890625,-0.9986317157745361328125],"structure_type":"Wall2Tall"},{"main_cframe":[7.1999969482421875,-1.6000003814697265625,-96.69998931884765625,-0.9986317157745361328125,0,0.0522932447493076324462890625,0,1,0,-0.0522932447493076324462890625,0,-0.9986317157745361328125],"structure_type":"Wall2Tall"},{"main_cframe":[-4.399993896484375,6.299999237060546875,-96.70000457763671875,-0.998631000518798828125,-1.197890378534793853759765625e-05,-0.0523114539682865142822265625,-0.002748434431850910186767578125,0.998630821704864501953125,0.0522392056882381439208984375,0.0522392056882381439208984375,0.0523114539682865142822265625,-0.9972636699676513671875],"structure_type":"Wall2Tall"},{"main_cframe":[6.1999969482421875,5.299999237060546875,-96.69998931884765625,-0.998631000518798828125,1.197890378534793853759765625e-05,0.0523114539682865142822265625,0.002748434431850910186767578125,0.998630821704864501953125,0.0522392056882381439208984375,-0.0522392056882381439208984375,0.0523114539682865142822265625,-0.9972636699676513671875],"structure_type":"Wall2Tall"},{"main_cframe":[-8.399993896484375,0.299999237060546875,-96.59999847412109375,-0.9945180416107177734375,0,-0.104565002024173736572265625,0,1,0,0.104565002024173736572265625,0,-0.9945180416107177734375],"structure_type":"Wall2Tall"},{"main_cframe":[-0.399993896484375,8.90000152587890625,-96.59999847412109375,-1,0,0,0,0.9945180416107177734375,0.104565002024173736572265625,0,0.104565002024173736572265625,-0.9945180416107177734375],"structure_type":"Wall2Tall"},{"main_cframe":[9.3000030517578125,1.200000762939453125,-96.5000152587890625,-0.9945180416107177734375,0,0.104565002024173736572265625,0,1,0,-0.104565002024173736572265625,0,-0.9945180416107177734375],"structure_type":"Wall2Tall"},{"main_cframe":[-7.899993896484375,5.5,-96.5,-0.99452364444732666015625,-2.111750654876232147216796875e-05,-0.104515366256237030029296875,-0.00549403019249439239501953125,0.998627960681915283203125,0.0520770587027072906494140625,0.104370869696140289306640625,0.0523660592734813690185546875,-0.99315917491912841796875],"structure_type":"Wall2Tall"},{"main_cframe":[5,8.700000762939453125,-96.5,-0.99862825870513916015625,2.111750654876232147216796875e-05,0.0523660592734813690185546875,0.00549403019249439239501953125,0.9945232868194580078125,0.104370869696140289306640625,-0.0520770587027072906494140625,0.104515366256237030029296875,-0.99315917491912841796875],"structure_type":"Wall2Tall"},{"main_cframe":[-4.100006103515625,9.799999237060546875,-96.40000152587890625,-0.99862825870513916015625,-2.111750654876232147216796875e-05,-0.0523660592734813690185546875,-0.00549403019249439239501953125,0.9945232868194580078125,0.104370869696140289306640625,0.0520770587027072906494140625,0.104515366256237030029296875,-0.99315917491912841796875],"structure_type":"Wall2Tall"},{"main_cframe":[9.6999969482421875,5.1000003814697265625,-96.39998626708984375,-0.99452364444732666015625,2.111750654876232147216796875e-05,0.104515366256237030029296875,0.00549403019249439239501953125,0.998627960681915283203125,0.0520770587027072906494140625,-0.104370869696140289306640625,0.0523660592734813690185546875,-0.99315917491912841796875],"structure_type":"Wall2Tall"},{"main_cframe":[-10.8000030517578125,2.8999996185302734375,-96.39998626708984375,-0.99452364444732666015625,-2.111750654876232147216796875e-05,-0.104515366256237030029296875,-0.00549403019249439239501953125,0.998627960681915283203125,0.0520770587027072906494140625,0.104370869696140289306640625,0.0523660592734813690185546875,-0.99315917491912841796875],"structure_type":"Wall2Tall"},{"main_cframe":[2,11.40000152587890625,-96.3000030517578125,-1,0,0,0,0.9945180416107177734375,0.104565002024173736572265625,0,0.104565002024173736572265625,-0.9945180416107177734375],"structure_type":"Wall2Tall"},{"main_cframe":[11.899993896484375,-1,-96.3000030517578125,-0.9945180416107177734375,0,0.104565002024173736572265625,0,1,0,-0.104565002024173736572265625,0,-0.9945180416107177734375],"structure_type":"Wall2Tall"},{"main_cframe":[-8.1999969482421875,8.9000034332275390625,-96.20001983642578125,-0.9945213794708251953125,4.0493905544281005859375e-05,-0.104533843696117401123046875,-0.010887272655963897705078125,0.994521319866180419921875,0.103965349495410919189453125,0.103965349495410919189453125,0.104533843696117401123046875,-0.989072322845458984375],"structure_type":"Wall2Tall"},{"main_cframe":[8.3000030517578125,9.2000026702880859375,-96.20001983642578125,-0.9945213794708251953125,-4.0493905544281005859375e-05,0.104533843696117401123046875,0.010887272655963897705078125,0.994521319866180419921875,0.103965349495410919189453125,-0.103965349495410919189453125,0.104533843696117401123046875,-0.989072322845458984375],"structure_type":"Wall2Tall"},{"main_cframe":[-2.3000030517578125,12.6999988555908203125,-96.09998321533203125,-1.0000002384185791015625,0,0,0,0.987685978412628173828125,0.15644957125186920166015625,0,0.15644957125186920166015625,-0.98768627643585205078125],"structure_type":"Wall2Tall"},{"main_cframe":[12.8000030517578125,3.5,-96.10001373291015625,-0.98769104480743408203125,3.36132943630218505859375e-05,0.15641824901103973388671875,0.00822492502629756927490234375,0.998627722263336181640625,0.05172105133533477783203125,-0.15620185434818267822265625,0.052370943129062652587890625,-0.98633587360382080078125],"structure_type":"Wall2Tall"},{"main_cframe":[-11.899993896484375,6.1000003814697265625,-96.09999847412109375,-0.99452364444732666015625,-2.111750654876232147216796875e-05,-0.104515366256237030029296875,-0.00549403019249439239501953125,0.998627960681915283203125,0.0520770587027072906494140625,0.104370869696140289306640625,0.0523660592734813690185546875,-0.99315917491912841796875],"structure_type":"Wall2Tall"},{"main_cframe":[5.1999969482421875,12.6999988555908203125,-95.9999847412109375,-0.99862778186798095703125,3.36132943630218505859375e-05,0.052370943129062652587890625,0.00822492502629756927490234375,0.98769092559814453125,0.15620185434818267822265625,-0.05172105133533477783203125,0.15641824901103973388671875,-0.98633587360382080078125],"structure_type":"Wall2Tall"},{"main_cframe":[-7.100006103515625,12.200000762939453125,-96,-0.99862825870513916015625,-2.111750654876232147216796875e-05,-0.0523660592734813690185546875,-0.00549403019249439239501953125,0.9945232868194580078125,0.104370869696140289306640625,0.0520770587027072906494140625,0.104515366256237030029296875,-0.99315917491912841796875],"structure_type":"Wall2Tall"},{"main_cframe":[11.8000030517578125,8.4000034332275390625,-95.90001678466796875,-0.9945213794708251953125,-4.0493905544281005859375e-05,0.104533843696117401123046875,0.010887272655963897705078125,0.994521319866180419921875,0.103965349495410919189453125,-0.103965349495410919189453125,0.104533843696117401123046875,-0.989072322845458984375],"structure_type":"Wall2Tall"},{"main_cframe":[-14.399993896484375,1.799999237060546875,-95.90000152587890625,-0.98768627643585205078125,0,-0.15644957125186920166015625,0,1,0,0.15644957125186920166015625,0,-0.98768627643585205078125],"structure_type":"Wall2Tall"},{"main_cframe":[0.5,14.799999237060546875,-95.90000152587890625,-1.0000002384185791015625,0,0,0,0.987685978412628173828125,0.15644957125186920166015625,0,0.15644957125186920166015625,-0.98768627643585205078125],"structure_type":"Wall2Tall"},{"main_cframe":[15.100006103515625,0.799999237060546875,-95.8000030517578125,-0.98768627643585205078125,0,0.15644957125186920166015625,0,1,0,-0.15644957125186920166015625,0,-0.98768627643585205078125],"structure_type":"Wall2Tall"},{"main_cframe":[-11.8000030517578125,9.6999988555908203125,-95.79998779296875,-0.9945213794708251953125,4.0493905544281005859375e-05,-0.104533843696117401123046875,-0.010887272655963897705078125,0.994521319866180419921875,0.103965349495410919189453125,0.103965349495410919189453125,0.104533843696117401123046875,-0.989072322845458984375],"structure_type":"Wall2Tall"},{"main_cframe":[8.8000030517578125,12.8000011444091796875,-95.70001983642578125,-0.99452054500579833984375,-1.1418946087360382080078125e-05,0.1045415103435516357421875,0.0163396485149860382080078125,0.98769295215606689453125,0.15554963052272796630859375,-0.10325668752193450927734375,0.15640546381473541259765625,-0.982280731201171875],"structure_type":"Wall2Tall"},{"main_cframe":[-4.899993896484375,15.09999847412109375,-95.70000457763671875,-0.99862778186798095703125,-3.36132943630218505859375e-05,-0.052370943129062652587890625,-0.00822492502629756927490234375,0.98769092559814453125,0.15620185434818267822265625,0.05172105133533477783203125,0.15641824901103973388671875,-0.98633587360382080078125],"structure_type":"Wall2Tall"},{"main_cframe":[14.899993896484375,6.299999237060546875,-95.59999847412109375,-0.98769104480743408203125,3.36132943630218505859375e-05,0.15641824901103973388671875,0.00822492502629756927490234375,0.998627722263336181640625,0.05172105133533477783203125,-0.15620185434818267822265625,0.052370943129062652587890625,-0.98633587360382080078125],"structure_type":"Wall2Tall"},{"main_cframe":[-15.399993896484375,5.3999996185302734375,-95.59999847412109375,-0.98769104480743408203125,-3.36132943630218505859375e-05,-0.15641824901103973388671875,-0.00822492502629756927490234375,0.998627722263336181640625,0.05172105133533477783203125,0.15620185434818267822265625,0.052370943129062652587890625,-0.98633587360382080078125],"structure_type":"Wall2Tall"},{"main_cframe":[4.100006103515625,16,-95.59999847412109375,-0.99862778186798095703125,3.36132943630218505859375e-05,0.052370943129062652587890625,0.00822492502629756927490234375,0.98769092559814453125,0.15620185434818267822265625,-0.05172105133533477783203125,0.15641824901103973388671875,-0.98633587360382080078125],"structure_type":"Wall2Tall"},{"main_cframe":[-10.399993896484375,13.299999237060546875,-95.5,-0.99452054500579833984375,1.1418946087360382080078125e-05,-0.1045415103435516357421875,-0.0163396485149860382080078125,0.98769295215606689453125,0.15554963052272796630859375,0.10325668752193450927734375,0.15640546381473541259765625,-0.982280731201171875],"structure_type":"Wall2Tall"},{"main_cframe":[12.5,11.700000762939453125,-95.5,-0.9945213794708251953125,-4.0493905544281005859375e-05,0.104533843696117401123046875,0.010887272655963897705078125,0.994521319866180419921875,0.103965349495410919189453125,-0.103965349495410919189453125,0.104533843696117401123046875,-0.989072322845458984375],"structure_type":"Wall2Tall"},{"main_cframe":[-17.29998779296875,-0.200000762939453125,-95.40000152587890625,-0.98768627643585205078125,0,-0.15644957125186920166015625,0,1,0,0.15644957125186920166015625,0,-0.98768627643585205078125],"structure_type":"Wall2Tall"},{"main_cframe":[-1.6999969482421875,17.400005340576171875,-95.40001678466796875,-1.0000002384185791015625,0,0,0,0.987685978412628173828125,0.15644957125186920166015625,0,0.15644957125186920166015625,-0.98768627643585205078125],"structure_type":"Wall2Tall"},{"main_cframe":[17.399993896484375,3.299999237060546875,-95.40000152587890625,-0.98769104480743408203125,3.36132943630218505859375e-05,0.15641824901103973388671875,0.00822492502629756927490234375,0.998627722263336181640625,0.05172105133533477783203125,-0.15620185434818267822265625,0.052370943129062652587890625,-0.98633587360382080078125],"structure_type":"Wall2Tall"},{"main_cframe":[-15.1999969482421875,9.4000034332275390625,-95.300018310546875,-0.98769295215606689453125,1.1418946087360382080078125e-05,-0.15640546381473541259765625,-0.0163396485149860382080078125,0.99452054500579833984375,0.10325668752193450927734375,0.15554963052272796630859375,0.1045415103435516357421875,-0.982280731201171875],"structure_type":"Wall2Tall"},{"main_cframe":[8.1999969482421875,16.099994659423828125,-95.29998779296875,-0.99452054500579833984375,-1.1418946087360382080078125e-05,0.1045415103435516357421875,0.0163396485149860382080078125,0.98769295215606689453125,0.15554963052272796630859375,-0.10325668752193450927734375,0.15640546381473541259765625,-0.982280731201171875],"structure_type":"Wall2Tall"},{"main_cframe":[19.8000030517578125,9.600002288818359375,-94.5000152587890625,-0.97813856601715087890625,1.8703751266002655029296875e-05,0.207954585552215576171875,0.0217570401728153228759765625,0.99452102184295654296875,0.10224731266498565673828125,-0.2068133056163787841796875,0.1045365035533905029296875,-0.972779750823974609375],"structure_type":"Wall2Tall"},{"main_cframe":[-8,16.59999847412109375,-95.20000457763671875,-0.99452054500579833984375,1.1418946087360382080078125e-05,-0.1045415103435516357421875,-0.0163396485149860382080078125,0.98769295215606689453125,0.15554963052272796630859375,0.10325668752193450927734375,0.15640546381473541259765625,-0.982280731201171875],"structure_type":"Wall2Tall"},{"main_cframe":[16,9.5,-95.20000457763671875,-0.98769295215606689453125,-1.1418946087360382080078125e-05,0.15640546381473541259765625,0.0163396485149860382080078125,0.99452054500579833984375,0.10325668752193450927734375,-0.15554963052272796630859375,0.1045415103435516357421875,-0.982280731201171875],"structure_type":"Wall2Tall"},{"main_cframe":[-18.399993896484375,3.799999237060546875,-95.20000457763671875,-0.9781477451324462890625,3.24337743222713470458984375e-05,-0.20791108906269073486328125,-0.010845720767974853515625,0.998630523681640625,0.0511810369789600372314453125,0.20762802660465240478515625,0.0523175634443759918212890625,-0.9768078327178955078125],"structure_type":"Wall2Tall"},{"main_cframe":[2.3000030517578125,18.800006866455078125,-95.10001373291015625,-1,0,0,0,0.978144466876983642578125,0.20792643725872039794921875,0,0.20792643725872039794921875,-0.9781444072723388671875],"structure_type":"Wall2Tall"},{"main_cframe":[19.1999969482421875,-0.6000003814697265625,-95.09998321533203125,-0.9781444072723388671875,0,0.20792643725872039794921875,0,1,0,-0.20792643725872039794921875,0,-0.9781444072723388671875],"structure_type":"Wall2Tall"},{"main_cframe":[-13.8000030517578125,13.499996185302734375,-95.09998321533203125,-0.98769092559814453125,-3.5173259675502777099609375e-05,-0.15641824901103973388671875,-0.02450098097324371337890625,0.98769092559814453125,0.15448744595050811767578125,0.15448744595050811767578125,0.15641824901103973388671875,-0.9755342006683349609375],"structure_type":"Wall2Tall"},{"main_cframe":[12.399993896484375,15.09999847412109375,-95,-0.99452054500579833984375,-1.1418946087360382080078125e-05,0.1045415103435516357421875,0.0163396485149860382080078125,0.98769295215606689453125,0.15554963052272796630859375,-0.10325668752193450927734375,0.15640546381473541259765625,-0.982280731201171875],"structure_type":"Wall2Tall"},{"main_cframe":[-4.5,19.3000030517578125,-95,-0.998630523681640625,3.24337743222713470458984375e-05,-0.0523175634443759918212890625,-0.010845720767974853515625,0.9781477451324462890625,0.20762802660465240478515625,0.0511810369789600372314453125,0.20791108906269073486328125,-0.9768078327178955078125],"structure_type":"Wall2Tall"},{"main_cframe":[19,6.299999237060546875,-94.90000152587890625,-0.9781477451324462890625,-3.24337743222713470458984375e-05,0.20791108906269073486328125,0.010845720767974853515625,0.998630523681640625,0.0511810369789600372314453125,-0.20762802660465240478515625,0.0523175634443759918212890625,-0.9768078327178955078125],"structure_type":"Wall2Tall"},{"main_cframe":[-18.399993896484375,8.299999237060546875,-94.90000152587890625,-0.97813856601715087890625,-1.8703751266002655029296875e-05,-0.207954585552215576171875,-0.0217570401728153228759765625,0.99452102184295654296875,0.10224731266498565673828125,0.2068133056163787841796875,0.1045365035533905029296875,-0.972779750823974609375],"structure_type":"Wall2Tall"},{"main_cframe":[6.6999969482421875,19.1999969482421875,-94.79998779296875,-0.998630523681640625,-3.24337743222713470458984375e-05,0.0523175634443759918212890625,0.010845720767974853515625,0.9781477451324462890625,0.20762802660465240478515625,-0.0511810369789600372314453125,0.20791108906269073486328125,-0.9768078327178955078125],"structure_type":"Wall2Tall"},{"main_cframe":[-11.3000030517578125,17.1999969482421875,-94.79998779296875,-0.99452054500579833984375,1.1418946087360382080078125e-05,-0.1045415103435516357421875,-0.0163396485149860382080078125,0.98769295215606689453125,0.15554963052272796630859375,0.10325668752193450927734375,0.15640546381473541259765625,-0.982280731201171875],"structure_type":"Wall2Tall"},{"main_cframe":[16.3000030517578125,12.9000034332275390625,-94.70001983642578125,-0.98769092559814453125,3.5173259675502777099609375e-05,0.15641824901103973388671875,0.02450098097324371337890625,0.98769092559814453125,0.15448744595050811767578125,-0.15448744595050811767578125,0.15641824901103973388671875,-0.9755342006683349609375],"structure_type":"Wall2Tall"},{"main_cframe":[-20.899993896484375,1.5,-94.70000457763671875,-0.9781444072723388671875,0,-0.20792643725872039794921875,0,1,0,0.20792643725872039794921875,0,-0.9781444072723388671875],"structure_type":"Wall2Tall"},{"main_cframe":[-0.3000030517578125,21.099994659423828125,-94.69998931884765625,-1,0,0,0,0.978144466876983642578125,0.20792643725872039794921875,0,0.20792643725872039794921875,-0.9781444072723388671875],"structure_type":"Wall2Tall"},{"main_cframe":[21.1999969482421875,2.200000762939453125,-94.59998321533203125,-0.9781444072723388671875,0,0.20792643725872039794921875,0,1,0,-0.20792643725872039794921875,0,-0.9781444072723388671875],"structure_type":"Wall2Tall"},{"main_cframe":[-17.20001220703125,12.799999237060546875,-94.59999847412109375,-0.98769092559814453125,-3.5173259675502777099609375e-05,-0.15641824901103973388671875,-0.02450098097324371337890625,0.98769092559814453125,0.15448744595050811767578125,0.15448744595050811767578125,0.15641824901103973388671875,-0.9755342006683349609375],"structure_type":"Wall2Tall"},{"main_cframe":[11.3000030517578125,18.400005340576171875,-94.60001373291015625,-0.99452114105224609375,1.8703751266002655029296875e-05,0.1045365035533905029296875,0.0217570401728153228759765625,0.978138506412506103515625,0.2068133056163787841796875,-0.10224731266498565673828125,0.207954585552215576171875,-0.972779750823974609375],"structure_type":"Wall2Tall"},{"main_cframe":[-7.8000030517578125,20.399997711181640625,-94.4999847412109375,-0.99452114105224609375,-1.8703751266002655029296875e-05,-0.1045365035533905029296875,-0.0217570401728153228759765625,0.978138506412506103515625,0.2068133056163787841796875,0.10224731266498565673828125,0.207954585552215576171875,-0.972779750823974609375],"structure_type":"Wall2Tall"},{"main_cframe":[-21.20001220703125,6.299999237060546875,-94.40000152587890625,-0.9781477451324462890625,3.24337743222713470458984375e-05,-0.20791108906269073486328125,-0.010845720767974853515625,0.998630523681640625,0.0511810369789600372314453125,0.20762802660465240478515625,0.0523175634443759918212890625,-0.9768078327178955078125],"structure_type":"Wall2Tall"},{"main_cframe":[-15.100006103515625,20.59999847412109375,-93.59999847412109375,-0.9863426685333251953125,0.05165515840053558349609375,-0.15640027821063995361328125,0.018686629831790924072265625,0.97851407527923583984375,0.20533148944377899169921875,0.16364629566669464111328125,0.19960449635982513427734375,-0.96611535549163818359375],"structure_type":"Wall2Tall"},{"main_cframe":[4.5,21.90000152587890625,-94.40000152587890625,-0.998630523681640625,-3.24337743222713470458984375e-05,0.0523175634443759918212890625,0.010845720767974853515625,0.9781477451324462890625,0.20762802660465240478515625,-0.0511810369789600372314453125,0.20791108906269073486328125,-0.9768078327178955078125],"structure_type":"Wall2Tall"},{"main_cframe":[-14.8000030517578125,17.099994659423828125,-94.29998779296875,-0.98633635044097900390625,0.0516743548214435577392578125,-0.15643294155597686767578125,0.0272388570010662078857421875,0.987618267536163330078125,0.1544935405254364013671875,0.16247938573360443115234375,0.14812147617340087890625,-0.9755313396453857421875],"structure_type":"Wall2Tall"},{"main_cframe":[15.8000030517578125,16.400005340576171875,-94.300018310546875,-0.98633635044097900390625,-0.0516743548214435577392578125,0.15643294155597686767578125,-0.0272388570010662078857421875,0.987618267536163330078125,0.1544935405254364013671875,-0.16247938573360443115234375,0.14812147617340087890625,-0.9755313396453857421875],"structure_type":"Wall2Tall"},{"main_cframe":[-22.79998779296875,-1.3999996185302734375,-94.3000030517578125,-0.9659297466278076171875,0,-0.258804798126220703125,0,1,0,0.258804798126220703125,0,-0.9659297466278076171875],"structure_type":"Wall2Tall"},{"main_cframe":[-3.399993896484375,22.8000030517578125,-94.20000457763671875,-0.99863135814666748046875,1.02310441434383392333984375e-05,-0.0523079074919223785400390625,-0.013527810573577880859375,0.96592891216278076171875,0.2584537565708160400390625,0.0505283661186695098876953125,0.2588075697422027587890625,-0.964606761932373046875],"structure_type":"Wall2Tall"},{"main_cframe":[22.600006103515625,5.3999996185302734375,-94.20000457763671875,-0.9781477451324462890625,-3.24337743222713470458984375e-05,0.20791108906269073486328125,0.010845720767974853515625,0.998630523681640625,0.0511810369789600372314453125,-0.20762802660465240478515625,0.0523175634443759918212890625,-0.9768078327178955078125],"structure_type":"Wall2Tall"},{"main_cframe":[-20.399993896484375,11.299999237060546875,-94.20000457763671875,-0.97813856601715087890625,-1.8703751266002655029296875e-05,-0.207954585552215576171875,-0.0217570401728153228759765625,0.99452102184295654296875,0.10224731266498565673828125,0.2068133056163787841796875,0.1045365035533905029296875,-0.972779750823974609375],"structure_type":"Wall2Tall"},{"main_cframe":[9.5,21.5,-94.09999847412109375,-0.99452114105224609375,1.8703751266002655029296875e-05,0.1045365035533905029296875,0.0217570401728153228759765625,0.978138506412506103515625,0.2068133056163787841796875,-0.10224731266498565673828125,0.207954585552215576171875,-0.972779750823974609375],"structure_type":"Wall2Tall"},{"main_cframe":[-11.399993896484375,20.90000152587890625,-94,-0.99452114105224609375,-1.8703751266002655029296875e-05,-0.1045365035533905029296875,-0.0217570401728153228759765625,0.978138506412506103515625,0.2068133056163787841796875,0.10224731266498565673828125,0.207954585552215576171875,-0.972779750823974609375],"structure_type":"Wall2Tall"},{"main_cframe":[19.899993896484375,13.200000762939453125,-94,-0.97680580615997314453125,-0.0511616170406341552734375,0.2079262435436248779296875,-0.01917994022369384765625,0.98803865909576416015625,0.15300898253917694091796875,-0.2132673561573028564453125,0.14547200500965118408203125,-0.966103076934814453125],"structure_type":"Wall2Tall"},{"main_cframe":[-23.70001220703125,3.700000762939453125,-94,-0.9659292697906494140625,1.02310441434383392333984375e-05,-0.2588075697422027587890625,-0.013527810573577880859375,0.998631000518798828125,0.0505283661186695098876953125,0.2584537565708160400390625,0.0523079074919223785400390625,-0.964606761932373046875],"structure_type":"Wall2Tall"},{"main_cframe":[1.600006103515625,24.09999847412109375,-93.90000152587890625,-1,0,0,0,0.96592962741851806640625,0.258804798126220703125,0,0.258804798126220703125,-0.9659297466278076171875],"structure_type":"Wall2Tall"},{"main_cframe":[24.3000030517578125,0.5,-93.90001678466796875,-0.9659297466278076171875,0,0.258804798126220703125,0,1,0,-0.258804798126220703125,0,-0.9659297466278076171875],"structure_type":"Wall2Tall"},{"main_cframe":[-18.29998779296875,16.09999847412109375,-93.90000152587890625,-0.97680580615997314453125,0.0511616170406341552734375,-0.2079262435436248779296875,0.01917994022369384765625,0.98803865909576416015625,0.15300898253917694091796875,0.2132673561573028564453125,0.14547200500965118408203125,-0.966103076934814453125],"structure_type":"Wall2Tall"},{"main_cframe":[14.600006103515625,19.8000030517578125,-93.8000030517578125,-0.9863426685333251953125,-0.05165515840053558349609375,0.15640027821063995361328125,-0.018686629831790924072265625,0.97851407527923583984375,0.20533148944377899169921875,-0.16364629566669464111328125,0.19960449635982513427734375,-0.96611535549163818359375],"structure_type":"Wall2Tall"},{"main_cframe":[-6.899993896484375,23.90000152587890625,-93.8000030517578125,-0.99863135814666748046875,1.02310441434383392333984375e-05,-0.0523079074919223785400390625,-0.013527810573577880859375,0.96592891216278076171875,0.2584537565708160400390625,0.0505283661186695098876953125,0.2588075697422027587890625,-0.964606761932373046875],"structure_type":"Wall2Tall"},{"main_cframe":[23.3000030517578125,9.0000019073486328125,-93.70001983642578125,-0.96592676639556884765625,-2.0929612219333648681640625e-05,0.2588157355785369873046875,0.02702827751636505126953125,0.9945240020751953125,0.10095269978046417236328125,-0.2574006021022796630859375,0.1045082509517669677734375,-0.96063673496246337890625],"structure_type":"Wall2Tall"},{"main_cframe":[-23.399993896484375,9.1000003814697265625,-93.70000457763671875,-0.96592676639556884765625,2.0929612219333648681640625e-05,-0.2588157355785369873046875,-0.02702827751636505126953125,0.9945240020751953125,0.10095269978046417236328125,0.2574006021022796630859375,0.1045082509517669677734375,-0.96063673496246337890625],"structure_type":"Wall2Tall"},{"main_cframe":[7.100006103515625,24.200000762939453125,-93.70000457763671875,-0.99863135814666748046875,-1.02310441434383392333984375e-05,0.0523079074919223785400390625,0.013527810573577880859375,0.96592891216278076171875,0.2584537565708160400390625,-0.0505283661186695098876953125,0.2588075697422027587890625,-0.964606761932373046875],"structure_type":"Wall2Tall"},{"main_cframe":[19.3000030517578125,16.900005340576171875,-93.60001373291015625,-0.97680580615997314453125,-0.0511616170406341552734375,0.2079262435436248779296875,-0.01917994022369384765625,0.98803865909576416015625,0.15300898253917694091796875,-0.2132673561573028564453125,0.14547200500965118408203125,-0.966103076934814453125],"structure_type":"Wall2Tall"},{"main_cframe":[-25.70001220703125,0.6000003814697265625,-93.5,-0.9659297466278076171875,0,-0.258804798126220703125,0,1,0,0.258804798126220703125,0,-0.9659297466278076171875],"structure_type":"Wall2Tall"},{"main_cframe":[-1.6999969482421875,25.800006866455078125,-93.5000152587890625,-1,0,0,0,0.96592962741851806640625,0.258804798126220703125,0,0.258804798126220703125,-0.9659297466278076171875],"structure_type":"Wall2Tall"},{"main_cframe":[25.6999969482421875,4,-93.39998626708984375,-0.9659292697906494140625,-1.02310441434383392333984375e-05,0.2588075697422027587890625,0.013527810573577880859375,0.998631000518798828125,0.0505283661186695098876953125,-0.2584537565708160400390625,0.0523079074919223785400390625,-0.964606761932373046875],"structure_type":"Wall2Tall"},{"main_cframe":[-21.70001220703125,14.5,-93.40000152587890625,-0.97680580615997314453125,0.0511616170406341552734375,-0.2079262435436248779296875,0.01917994022369384765625,0.98803865909576416015625,0.15300898253917694091796875,0.2132673561573028564453125,0.14547200500965118408203125,-0.966103076934814453125],"structure_type":"Wall2Tall"},{"main_cframe":[12.600006103515625,23,-93.40000152587890625,-0.99315845966339111328125,-0.05203060805797576904296875,0.104543603956699371337890625,-0.023509077727794647216796875,0.966008126735687255859375,0.2574404776096343994140625,-0.114384762942790985107421875,0.2532214224338531494140625,-0.960622310638427734375],"structure_type":"Wall2Tall"},{"main_cframe":[-10.6999969482421875,24.20000457763671875,-93.300018310546875,-0.99315845966339111328125,0.05203060805797576904296875,-0.104543603956699371337890625,0.023509077727794647216796875,0.966008126735687255859375,0.2574404776096343994140625,0.114384762942790985107421875,0.2532214224338531494140625,-0.960622310638427734375],"structure_type":"Wall2Tall"},{"main_cframe":[23.3000030517578125,12.8000011444091796875,-93.300018310546875,-0.9646027088165283203125,-0.0505334623157978057861328125,0.25882089138031005859375,-0.0112335383892059326171875,0.988451063632965087890625,0.15112364292144775390625,-0.263468563556671142578125,0.142866790294647216796875,-0.9540302753448486328125],"structure_type":"Wall2Tall"},{"main_cframe":[-26,6.299999237060546875,-93.20000457763671875,-0.9659292697906494140625,1.02310441434383392333984375e-05,-0.2588075697422027587890625,-0.013527810573577880859375,0.998631000518798828125,0.0505283661186695098876953125,0.2584537565708160400390625,0.0523079074919223785400390625,-0.964606761932373046875],"structure_type":"Wall2Tall"},{"main_cframe":[4,26.59999847412109375,-93.20000457763671875,-0.99863135814666748046875,-1.02310441434383392333984375e-05,0.0523079074919223785400390625,0.013527810573577880859375,0.96592891216278076171875,0.2584537565708160400390625,-0.0505283661186695098876953125,0.2588075697422027587890625,-0.964606761932373046875],"structure_type":"Wall2Tall"},{"main_cframe":[27,-1.700000762939453125,-93.20000457763671875,-0.9659297466278076171875,0,0.258804798126220703125,0,1,0,-0.258804798126220703125,0,-0.9659297466278076171875],"structure_type":"Wall2Tall"},{"main_cframe":[-18.79998779296875,19.5,-93.09999847412109375,-0.97680294513702392578125,0.0512136183679103851318359375,-0.207927644252777099609375,0.0080359876155853271484375,0.97906339168548583984375,0.20339678227901458740234375,0.21399104595184326171875,0.19700761139392852783203125,-0.9567635059356689453125],"structure_type":"Wall2Tall"},{"main_cframe":[17.899993896484375,20.5,-93.09999847412109375,-0.97680294513702392578125,-0.0512136183679103851318359375,0.207927644252777099609375,-0.0080359876155853271484375,0.97906339168548583984375,0.20339678227901458740234375,-0.21399104595184326171875,0.19700761139392852783203125,-0.9567635059356689453125],"structure_type":"Wall2Tall"},{"main_cframe":[-5.399993896484375,26.90000152587890625,-93,-0.99863135814666748046875,1.02310441434383392333984375e-05,-0.0523079074919223785400390625,-0.013527810573577880859375,0.96592891216278076171875,0.2584537565708160400390625,0.0505283661186695098876953125,0.2588075697422027587890625,-0.964606761932373046875],"structure_type":"Wall2Tall"},{"main_cframe":[26.5,7.799999237060546875,-93,-0.96592676639556884765625,-2.0929612219333648681640625e-05,0.2588157355785369873046875,0.02702827751636505126953125,0.9945240020751953125,0.10095269978046417236328125,-0.2574006021022796630859375,0.1045082509517669677734375,-0.96063673496246337890625],"structure_type":"Wall2Tall"},{"main_cframe":[-24.899993896484375,12.200000762939453125,-93,-0.96461331844329833984375,0.0505312718451023101806640625,-0.2587810456752777099609375,0.0250088013708591461181640625,0.99457347393035888671875,0.1009859144687652587890625,0.2624796926975250244140625,0.0909405648708343505859375,-0.9606425762176513671875],"structure_type":"Wall2Tall"},{"main_cframe":[10,26,-92.90000152587890625,-0.99315845966339111328125,-0.05203060805797576904296875,0.104543603956699371337890625,-0.023509077727794647216796875,0.966008126735687255859375,0.2574404776096343994140625,-0.114384762942790985107421875,0.2532214224338531494140625,-0.960622310638427734375],"structure_type":"Wall2Tall"},{"main_cframe":[-14.600006103515625,23.90000152587890625,-92.90000152587890625,-0.98632943630218505859375,0.05167652666568756103515625,-0.156472682952880859375,0.01009030640125274658203125,0.966713726520538330078125,0.2556615173816680908203125,0.164475977420806884765625,0.2505876123905181884765625,-0.95401966571807861328125],"structure_type":"Wall2Tall"},{"main_cframe":[22.600006103515625,16.8000030517578125,-92.8000030517578125,-0.97680580615997314453125,-0.0511616170406341552734375,0.2079262435436248779296875,-0.01917994022369384765625,0.98803865909576416015625,0.15300898253917694091796875,-0.2132673561573028564453125,0.14547200500965118408203125,-0.966103076934814453125],"structure_type":"Wall2Tall"},{"main_cframe":[-28.100006103515625,2.8999996185302734375,-92.8000030517578125,-0.951061725616455078125,-1.1338852345943450927734375e-05,-0.3090008199214935302734375,-0.0161823891103267669677734375,0.99862957000732421875,0.049770511686801910400390625,0.3085767924785614013671875,0.052335202693939208984375,-0.9497585296630859375],"structure_type":"Wall2Tall"},{"main_cframe":[0.5,28.40000152587890625,-92.8000030517578125,-1,0,0,0,0.951068401336669921875,0.308980464935302734375,0,0.308980464935302734375,-0.951068401336669921875],"structure_type":"Wall2Tall"},{"main_cframe":[28.5,2,-92.70000457763671875,-0.951068401336669921875,0,0.308980464935302734375,0,1,0,-0.308980464935302734375,0,-0.951068401336669921875],"structure_type":"Wall2Tall"},{"main_cframe":[-22.399993896484375,17.8000030517578125,-92.70000457763671875,-0.97680294513702392578125,0.0512136183679103851318359375,-0.207927644252777099609375,0.0080359876155853271484375,0.97906339168548583984375,0.20339678227901458740234375,0.21399104595184326171875,0.19700761139392852783203125,-0.9567635059356689453125],"structure_type":"Wall2Tall"},{"main_cframe":[15.8000030517578125,24.000003814697265625,-92.60001373291015625,-0.98632943630218505859375,-0.05167652666568756103515625,0.156472682952880859375,-0.01009030640125274658203125,0.966713726520538330078125,0.2556615173816680908203125,-0.164475977420806884765625,0.2505876123905181884765625,-0.95401966571807861328125],"structure_type":"Wall2Tall"},{"main_cframe":[-9.5,27.40000152587890625,-92.59999847412109375,-0.99315845966339111328125,0.05203060805797576904296875,-0.104543603956699371337890625,0.023509077727794647216796875,0.966008126735687255859375,0.2574404776096343994140625,0.114384762942790985107421875,0.2532214224338531494140625,-0.960622310638427734375],"structure_type":"Wall2Tall"},{"main_cframe":[26.5,11.90000152587890625,-92.5,-0.96461331844329833984375,-0.0505312718451023101806640625,0.2587810456752777099609375,-0.0250088013708591461181640625,0.99457347393035888671875,0.1009859144687652587890625,-0.2624796926975250244140625,0.0909405648708343505859375,-0.9606425762176513671875],"structure_type":"Wall2Tall"},{"main_cframe":[-27.70001220703125,9.200000762939453125,-92.5,-0.9497406482696533203125,0.049804866313934326171875,-0.309050858020782470703125,0.019832737743854522705078125,0.99485218524932861328125,0.09937693178653717041015625,0.31240940093994140625,0.08825297653675079345703125,-0.94583928585052490234375],"structure_type":"Wall2Tall"},{"main_cframe":[6.8000030517578125,28.500003814697265625,-92.5000152587890625,-0.99862957000732421875,1.1338852345943450927734375e-05,0.052335202693939208984375,0.0161823891103267669677734375,0.951061785221099853515625,0.3085767924785614013671875,-0.049770511686801910400390625,0.3090008199214935302734375,-0.9497585296630859375],"structure_type":"Wall2Tall"},{"main_cframe":[-18.600006103515625,22.90000152587890625,-92.40000152587890625,-0.97680747509002685546875,0.051193915307521820068359375,-0.20790995657444000244140625,-0.00318836979568004608154296875,0.967412173748016357421875,0.253186702728271484375,0.21409623324871063232421875,0.24797753989696502685546875,-0.94481217861175537109375],"structure_type":"Wall2Tall"},{"main_cframe":[21.1999969482421875,20.599994659423828125,-92.39998626708984375,-0.97680294513702392578125,-0.0512136183679103851318359375,0.207927644252777099609375,-0.0080359876155853271484375,0.97906339168548583984375,0.20339678227901458740234375,-0.21399104595184326171875,0.19700761139392852783203125,-0.9567635059356689453125],"structure_type":"Wall2Tall"},{"main_cframe":[-29.70001220703125,-0.8999996185302734375,-92.3000030517578125,-0.951068401336669921875,0,-0.308980464935302734375,0,1,0,0.308980464935302734375,0,-0.951068401336669921875],"structure_type":"Wall2Tall"},{"main_cframe":[-3.5,29.59999847412109375,-92.3000030517578125,-0.99862957000732421875,-1.1338852345943450927734375e-05,-0.052335202693939208984375,-0.0161823891103267669677734375,0.951061785221099853515625,0.3085767924785614013671875,0.049770511686801910400390625,0.3090008199214935302734375,-0.9497585296630859375],"structure_type":"Wall2Tall"},{"main_cframe":[29.3000030517578125,6.1000003814697265625,-92.300018310546875,-0.951061725616455078125,1.1338852345943450927734375e-05,0.3090008199214935302734375,0.0161823891103267669677734375,0.99862957000732421875,0.049770511686801910400390625,-0.3085767924785614013671875,0.052335202693939208984375,-0.9497585296630859375],"structure_type":"Wall2Tall"},{"main_cframe":[-25.79998779296875,15.40000152587890625,-92.20000457763671875,-0.9646027088165283203125,0.0505334623157978057861328125,-0.25882089138031005859375,0.0112335383892059326171875,0.988451063632965087890625,0.15112364292144775390625,0.263468563556671142578125,0.142866790294647216796875,-0.9540302753448486328125],"structure_type":"Wall2Tall"},{"main_cframe":[13.100006103515625,27.200000762939453125,-92.20000457763671875,-0.98632943630218505859375,-0.05167652666568756103515625,0.156472682952880859375,-0.01009030640125274658203125,0.966713726520538330078125,0.2556615173816680908203125,-0.164475977420806884765625,0.2505876123905181884765625,-0.95401966571807861328125],"structure_type":"Wall2Tall"},{"main_cframe":[-13.6999969482421875,27.100002288818359375,-92.10001373291015625,-0.98632943630218505859375,0.05167652666568756103515625,-0.156472682952880859375,0.01009030640125274658203125,0.966713726520538330078125,0.2556615173816680908203125,0.164475977420806884765625,0.2505876123905181884765625,-0.95401966571807861328125],"structure_type":"Wall2Tall"},{"main_cframe":[25.899993896484375,16,-92.09999847412109375,-0.9646027088165283203125,-0.0505334623157978057861328125,0.25882089138031005859375,-0.0112335383892059326171875,0.988451063632965087890625,0.15112364292144775390625,-0.263468563556671142578125,0.142866790294647216796875,-0.9540302753448486328125],"structure_type":"Wall2Tall"},{"main_cframe":[-30,5.700000762939453125,-92.09999847412109375,-0.951061725616455078125,-1.1338852345943450927734375e-05,-0.3090008199214935302734375,-0.0161823891103267669677734375,0.99862957000732421875,0.049770511686801910400390625,0.3085767924785614013671875,0.052335202693939208984375,-0.9497585296630859375],"structure_type":"Wall2Tall"},{"main_cframe":[3.100006103515625,30.5,-92,-0.99862957000732421875,1.1338852345943450927734375e-05,0.052335202693939208984375,0.0161823891103267669677734375,0.951061785221099853515625,0.3085767924785614013671875,-0.049770511686801910400390625,0.3090008199214935302734375,-0.9497585296630859375],"structure_type":"Wall2Tall"},{"main_cframe":[30.80000305175781