[{"main_cframe":[1.0898590087890625,126.660125732421875,55.02056884765625,1.966953277587890625e-05,1.30236148834228515625e-05,-1,0.9204828739166259765625,-0.39078295230865478515625,1.30236148834228515625e-05,-0.3907829225063323974609375,-0.9204828739166259765625,-1.966953277587890625e-05],"structure_type":"Wedge9_Thin"},{"main_cframe":[1.08984375,140.51409912109375,-15.7588653564453125,0,0,-1,0,1,0,1,0,0],"structure_type":"Wall2Tall"},{"main_cframe":[1.090576171875,122.35595703125,-52.8390655517578125,0,0,1,-1,0,0,0,-1,0],"structure_type":"Wedge3_Thin"},{"main_cframe":[1.090576171875,128.75592041015625,-39.239410400390625,0,0,1,0,1,0,-1,0,0],"structure_type":"Floor1Tiny"},{"main_cframe":[1.090576171875,127.955902099609375,-40.2393798828125,0,0,1,0,1,0,-1,0,0],"structure_type":"Floor1Tiny"},{"main_cframe":[1.0904541015625,146.35589599609375,-40.83941650390625,0,0,1,-1,0,0,0,-1,0],"structure_type":"Wedge3_Thin"},{"main_cframe":[1.0904541015625,137.3548126220703125,-38.8393402099609375,0,0,1,-1,0,0,0,-1,0],"structure_type":"Wedge4_Thin"},{"main_cframe":[1.0904541015625,130.3559417724609375,-48.8390655517578125,0,0,1,-1,0,0,0,-1,0],"structure_type":"Wedge3_Thin"},{"main_cframe":[1.090576171875,140.45587158203125,-42.239288330078125,0,0,1,0,1,0,-1,0,0],"structure_type":"Post"},{"main_cframe":[1.090576171875,142.3558502197265625,-42.8392791748046875,0,0,1,-1,0,0,0,-1,0],"structure_type":"Wedge3_Thin"},{"main_cframe":[1.090576171875,132.02032470703125,-35.239501953125,0,0,1,0,1,0,-1,0,0],"structure_type":"Floor1Tiny"},{"main_cframe":[1.090576171875,134.355926513671875,-46.839141845703125,0,0,1,-1,0,0,0,-1,0],"structure_type":"Wedge3_Thin"},{"main_cframe":[1.08984375,138.414093017578125,58.139312744140625,0,0,-1,1,0,0,0,-1,0],"structure_type":"Wedge3_Thin"},{"main_cframe":[1.090576171875,106.35601806640625,-60.8388671875,0,0,1,-1,0,0,0,-1,0],"structure_type":"Wedge3_Thin"},{"main_cframe":[1.08984375,132.51409912109375,21.74017333984375,0,0,-1,0,1,0,1,0,0],"structure_type":"Post"},{"main_cframe":[1.08984375,120.51409912109375,67.23907470703125,0,0,-1,0,1,0,1,0,0],"structure_type":"Wall2Thin"},{"main_cframe":[1.08984375,132.51409912109375,44.239654541015625,0,0,-1,0,1,0,1,0,0],"structure_type":"Wall2Tall"},{"main_cframe":[1.090576171875,138.3559112548828125,-42.6393280029296875,0,0,1,1,0,0,0,1,0],"structure_type":"Wedge3_Thin"},{"main_cframe":[1.09039306640625,138.45587158203125,-39.7393951416015625,0,0,1,0,1,0,-1,0,0],"structure_type":"Wall2ShortThin"},{"main_cframe":[1.09039306640625,140.45587158203125,-38.7394256591796875,0,0,1,0,1,0,-1,0,0],"structure_type":"Wall2ShortThin"},{"main_cframe":[1.08984375,132.514007568359375,29.2400054931640625,0,0,-1,0,1,0,1,0,0],"structure_type":"Wall2"},{"main_cframe":[1.08984375,134.414093017578125,42.139739990234375,0,0,-1,1,0,0,0,-1,0],"structure_type":"Wall2Tall"},{"main_cframe":[1.0904388427734375,145.3556365966796875,-38.6394500732421875,0,0,1,1,0,0,0,1,0],"structure_type":"Wedge9_Thin"},{"main_cframe":[1.08984375,142.41357421875,20.3402252197265625,0,0,-1,-1,0,0,0,1,0],"structure_type":"Wedge3_Thin"},{"main_cframe":[1.0904388427734375,143.3555755615234375,-39.6394195556640625,0,0,1,1,0,0,0,1,0],"structure_type":"Wedge9_Thin"},{"main_cframe":[1.0898590087890625,142.4140472412109375,18.1402435302734375,0,0,-1,1,0,0,0,-1,0],"structure_type":"Wedge9_Thin"},{"main_cframe":[1.0904388427734375,139.3556671142578125,-40.8393402099609375,0,0,1,-1,0,0,0,-1,0],"structure_type":"Wedge9_Thin"},{"main_cframe":[1.0904388427734375,145.3556060791015625,-38.8394012451171875,0,0,1,-1,0,0,0,-1,0],"structure_type":"Wedge9_Thin"},{"main_cframe":[1.0904541015625,144.3548431396484375,-37.8393707275390625,0,0,1,-1,0,0,0,-1,0],"structure_type":"Wedge4_Thin"},{"main_cframe":[1.08984375,144.51409912109375,24.2401580810546875,0,0,-1,0,1,0,1,0,0],"structure_type":"Wall2Thin"},{"main_cframe":[1.08984375,138.41357421875,19.140228271484375,0,0,-1,1,0,0,0,-1,0],"structure_type":"Wedge3_Thin"},{"main_cframe":[1.090576171875,139.45587158203125,-38.2393798828125,0,0,1,0,1,0,-1,0,0],"structure_type":"Floor1Tiny"},{"main_cframe":[1.08984375,140.51409912109375,44.239654541015625,0,0,-1,0,1,0,1,0,0],"structure_type":"Wall2Tall"},{"main_cframe":[1.08984375,146.414093017578125,42.139739990234375,0,0,-1,1,0,0,0,-1,0],"structure_type":"Wall2Tall"},{"main_cframe":[1.08984375,140.414093017578125,42.139739990234375,0,0,-1,1,0,0,0,-1,0],"structure_type":"Wall2Tall"},{"main_cframe":[1.08984375,146.414093017578125,33.1398773193359375,0,0,-1,1,0,0,0,-1,0],"structure_type":"Wall2Tall"},{"main_cframe":[1.08984375,144.51409912109375,17.74029541015625,0,0,-1,0,1,0,1,0,0],"structure_type":"Post"},{"main_cframe":[1.08984375,146.413604736328125,18.34033203125,0,0,-1,-1,0,0,0,1,0],"structure_type":"Wedge3_Thin"},{"main_cframe":[1.08984375,136.51409912109375,29.2400054931640625,0,0,-1,0,1,0,1,0,0],"structure_type":"Wall2Tall"},{"main_cframe":[1.08984375,136.51409912109375,19.740234375,0,0,-1,0,1,0,1,0,0],"structure_type":"Post"},{"main_cframe":[1.08984375,134.413604736328125,24.340118408203125,0,0,-1,-1,0,0,0,1,0],"structure_type":"Wedge3_Thin"},{"main_cframe":[1.0898590087890625,130.114105224609375,53.239410400390625,0,0,-1,-1,0,0,0,1,0],"structure_type":"Wedge7_Thin"},{"main_cframe":[1.08984375,132.51409912109375,15.2403411865234375,0,0,-1,0,1,0,1,0,0],"structure_type":"Wall2Tall"},{"main_cframe":[1.08984375,132.51409912109375,10.240478515625,0,0,-1,0,1,0,1,0,0],"structure_type":"Wall2Tall"},{"main_cframe":[1.08984375,146.413604736328125,22.140228271484375,0,0,-1,1,0,0,0,-1,0],"structure_type":"Wedge3_Thin"},{"main_cframe":[1.08984375,132.51409912109375,-2.7592010498046875,0,0,-1,0,1,0,1,0,0],"structure_type":"Wall2Tall"},{"main_cframe":[1.08984375,138.413604736328125,22.340179443359375,0,0,-1,-1,0,0,0,1,0],"structure_type":"Wedge3_Thin"},{"main_cframe":[1.08984375,140.51409912109375,19.2402801513671875,0,0,-1,0,1,0,1,0,0],"structure_type":"Wall2Thin"},{"main_cframe":[1.08984375,132.51409912109375,-15.7588653564453125,0,0,-1,0,1,0,1,0,0],"structure_type":"Wall2Tall"},{"main_cframe":[1.08984375,132.51409912109375,23.24017333984375,0,0,-1,0,1,0,1,0,0],"structure_type":"Wall2Thin"},{"main_cframe":[1.08984375,140.51409912109375,15.2403411865234375,0,0,-1,0,1,0,1,0,0],"structure_type":"Wall2Tall"},{"main_cframe":[0.9093017578125,132.449737548828125,-25.455810546875,7.8678131103515625e-05,-6.8843364715576171875e-06,-1,0.173663556575775146484375,0.984805047512054443359375,6.8843364715576171875e-06,0.98480498790740966796875,-0.173663556575775146484375,7.8678131103515625e-05],"structure_type":"Post"},{"main_cframe":[1.08984375,134.41357421875,21.1402435302734375,0,0,-1,1,0,0,0,-1,0],"structure_type":"Wedge3_Thin"},{"main_cframe":[1.08984375,143.51409912109375,17.7402801513671875,0,0,-1,0,1,0,1,0,0],"structure_type":"Floor1Tiny"},{"main_cframe":[1.08984375,140.51409912109375,17.7402801513671875,0,0,-1,0,1,0,1,0,0],"structure_type":"Floor1Tiny"},{"main_cframe":[1.08984375,144.51409912109375,22.74017333984375,0,0,-1,0,1,0,1,0,0],"structure_type":"Post"},{"main_cframe":[0.9093017578125,132.393768310546875,-27.84271240234375,-5.519390106201171875e-05,-3.375113010406494140625e-06,-1,-0.12185013294219970703125,0.992548525333404541015625,3.375113010406494140625e-06,0.992548525333404541015625,0.12185013294219970703125,-5.519390106201171875e-05],"structure_type":"Post"},{"main_cframe":[0.90936279296875,132.86993408203125,-29.752471923828125,7.0154666900634765625e-05,1.299381256103515625e-05,-1,-0.3584184348583221435546875,0.933561027050018310546875,-1.299381256103515625e-05,0.9335610866546630859375,0.3584184348583221435546875,7.0154666900634765625e-05],"structure_type":"Post"},{"main_cframe":[1.08984375,136.51409912109375,21.2402191162109375,0,0,-1,0,1,0,1,0,0],"structure_type":"Wall2Thin"},{"main_cframe":[1.08984375,140.51409912109375,-2.7592010498046875,0,0,-1,0,1,0,1,0,0],"structure_type":"Wall2Tall"},{"main_cframe":[0.9093017578125,133.27880859375,-30.6497802734375,-5.41210174560546875e-05,-1.348555088043212890625e-05,-1,-0.469426453113555908203125,0.882971584796905517578125,1.348555088043212890625e-05,0.88297164440155029296875,0.469426453113555908203125,-5.41210174560546875e-05],"structure_type":"Post"},{"main_cframe":[0.9093017578125,139.985382080078125,-18.788299560546875,9.41753387451171875e-06,-8.9108943939208984375e-06,-1,0.99862682819366455078125,0.052388608455657958984375,8.9108943939208984375e-06,0.0523886382579803466796875,-0.99862682819366455078125,9.41753387451171875e-06],"structure_type":"Post"},{"main_cframe":[0.9093017578125,132.338104248046875,-26.436370849609375,-4.661083221435546875e-05,1.2218952178955078125e-06,-1,0.0523534007370471954345703125,0.9986286163330078125,-1.2218952178955078125e-06,0.998628675937652587890625,-0.0523534007370471954345703125,-4.661083221435546875e-05],"structure_type":"Post"},{"main_cframe":[0.9093017578125,132.680023193359375,-24.4962158203125,-1.585483551025390625e-05,2.36928462982177734375e-06,-1,0.292305409908294677734375,0.956325054168701171875,-2.36928462982177734375e-06,0.956325054168701171875,-0.292305409908294677734375,-1.585483551025390625e-05],"structure_type":"Post"},{"main_cframe":[1.08984375,140.51409912109375,10.240478515625,0,0,-1,0,1,0,1,0,0],"structure_type":"Wall2Tall"},{"main_cframe":[1.08984375,134.414093017578125,8.1405029296875,0,0,-1,1,0,0,0,-1,0],"structure_type":"Wall2Tall"},{"main_cframe":[1.08984375,132.51409912109375,49.239532470703125,0,0,-1,0,1,0,1,0,0],"structure_type":"Wall2Tall"},{"main_cframe":[1.08984375,134.414093017578125,-4.8591461181640625,0,0,-1,1,0,0,0,-1,0],"structure_type":"Wall2Tall"},{"main_cframe":[0.9093017578125,132.333526611328125,-26.858612060546875,0,0,-1,0,1,0,1,0,0],"structure_type":"Post"},{"main_cframe":[0.90936279296875,134.0400543212890625,-21.88330078125,-4.12464141845703125e-05,1.418590545654296875e-05,-1,0.61568355560302734375,0.78799355030059814453125,-1.418590545654296875e-05,0.78799355030059814453125,-0.61568355560302734375,-4.12464141845703125e-05],"structure_type":"Post"},{"main_cframe":[0.9093017578125,134.408172607421875,-32.262451171875,-1.108646392822265625e-05,-4.2617321014404296875e-06,-1,-0.6691167354583740234375,0.74315726757049560546875,4.2617321014404296875e-06,0.74315726757049560546875,0.6691167354583740234375,-1.108646392822265625e-05],"structure_type":"Post"},{"main_cframe":[0.9093017578125,135.1115875244140625,-32.95367431640625,0.000357151031494140625,0.0001617372035980224609375,-0.999999940395355224609375,-0.7515411376953125,0.65968620777130126953125,-0.0001617372035980224609375,0.659686148166656494140625,0.7515411376953125,0.000357151031494140625],"structure_type":"Post"},{"main_cframe":[0.9093017578125,136.2461395263671875,-19.9315185546875,-2.658367156982421875e-05,1.50203704833984375e-05,-1,0.857140123844146728515625,0.515083253383636474609375,-1.50203704833984375e-05,0.51508319377899169921875,-0.857140123844146728515625,-2.658367156982421875e-05],"structure_type":"Post"},{"main_cframe":[0.9093017578125,138.045562744140625,-19.130340576171875,5.638599395751953125e-05,-4.16934490203857421875e-05,-1,0.95630550384521484375,0.2923691272735595703125,4.16934490203857421875e-05,0.2923691272735595703125,-0.95630550384521484375,5.638599395751953125e-05],"structure_type":"Post"},{"main_cframe":[0.90936279296875,147.6712646484375,-30.39794921875,2.276897430419921875e-05,-5.26010990142822265625e-06,-1,-0.43832910060882568359375,-0.89881455898284912109375,-5.26010990142822265625e-06,-0.89881455898284912109375,0.43832910060882568359375,-2.276897430419921875e-05],"structure_type":"Post"},{"main_cframe":[0.9093017578125,132.57342529296875,-28.812164306640625,-0.00034320354461669921875,-4.2147934436798095703125e-05,-0.999999940395355224609375,-0.24197137355804443359375,0.97028338909149169921875,4.2147934436798095703125e-05,0.970283329486846923828125,0.24197137355804443359375,-0.00034320354461669921875],"structure_type":"Post"},{"main_cframe":[0.9093017578125,139.004974365234375,-18.900054931640625,6.55651092529296875e-06,-5.4836273193359375e-06,-1,0.98481357097625732421875,0.1736152172088623046875,5.4836273193359375e-06,0.1736152172088623046875,-0.98481357097625732421875,6.55651092529296875e-06],"structure_type":"Post"},{"main_cframe":[0.9093017578125,142.9053955078125,-19.172576904296875,1.0013580322265625e-05,7.3015689849853515625e-06,-1,0.95107114315032958984375,-0.308971881866455078125,7.3015689849853515625e-06,-0.308971881866455078125,-0.95107114315032958984375,-1.0013580322265625e-05],"structure_type":"Post"},{"main_cframe":[0.9093017578125,140.9719390869140625,-18.7967987060546875,5.60283660888671875e-06,5.2750110626220703125e-06,-1,0.99756205081939697265625,-0.069786548614501953125,5.2750110626220703125e-06,-0.069786489009857177734375,-0.99756205081939697265625,-5.7220458984375e-06],"structure_type":"Post"},{"main_cframe":[0.90936279296875,133.79412841796875,-31.490570068359375,0.000403702259063720703125,0.000127136707305908203125,-0.999999940395355224609375,-0.573003470897674560546875,0.819552898406982421875,-0.000127136707305908203125,0.819552838802337646484375,0.573003470897674560546875,0.000403702259063720703125],"structure_type":"Post"},{"main_cframe":[0.9093017578125,134.693878173828125,-21.144287109375,-0.0002591609954833984375,0.0001073777675628662109375,-0.999999940395355224609375,0.70724666118621826171875,0.706966876983642578125,-0.0001073777675628662109375,0.706966817378997802734375,-0.70724666118621826171875,-0.0002591609954833984375],"structure_type":"Post"},{"main_cframe":[0.9093017578125,137.121368408203125,-19.4759521484375,-1.811981201171875e-05,1.16825103759765625e-05,-1,0.913556039333343505859375,0.40671288967132568359375,-1.16825103759765625e-05,0.40671288967132568359375,-0.913556039333343505859375,-1.811981201171875e-05],"structure_type":"Post"},{"main_cframe":[0.9093017578125,147.846649169921875,-23.699798583984375,1.871585845947265625e-05,3.814697265625e-06,-1,0.3907030522823333740234375,-0.9205167293548583984375,3.814697265625e-06,-0.920516788959503173828125,-0.3907030522823333740234375,-1.871585845947265625e-05],"structure_type":"Post"},{"main_cframe":[0.9093017578125,133.025604248046875,-23.571868896484375,-4.5299530029296875e-06,9.6857547760009765625e-07,-1,0.406711876392364501953125,0.91355645656585693359375,-9.6857547760009765625e-07,0.91355645656585693359375,-0.406711876392364501953125,-4.5299530029296875e-06],"structure_type":"Post"},{"main_cframe":[0.9093017578125,147.1855621337890625,-31.256378173828125,4.1067600250244140625e-05,-1.21593475341796875e-05,-1,-0.544636547565460205078125,-0.838672161102294921875,-1.21593475341796875e-05,-0.838672161102294921875,0.544636547565460205078125,-4.100799560546875e-05],"structure_type":"Post"},{"main_cframe":[0.9093017578125,141.9501190185546875,-18.9255828857421875,3.9517879486083984375e-05,3.254413604736328125e-05,-1,0.981631100177764892578125,-0.190788745880126953125,3.254413604736328125e-05,-0.19078886508941650390625,-0.981631100177764892578125,-3.945827484130859375e-05],"structure_type":"Post"},{"main_cframe":[0.9093017578125,135.4328765869140625,-20.490478515625,1.4960765838623046875e-05,-7.331371307373046875e-06,-1,0.788024604320526123046875,0.6156437397003173828125,7.331371307373046875e-06,0.615643799304962158203125,-0.788024604320526123046875,1.4960765838623046875e-05],"structure_type":"Post"},{"main_cframe":[0.90936279296875,148.312255859375,-28.536102294921875,3.69548797607421875e-05,-3.88920307159423828125e-06,-1.00000011920928955078125,-0.2078528702259063720703125,-0.9781601428985595703125,-3.88920307159423828125e-06,-0.978160202503204345703125,0.2078528702259063720703125,-3.707408905029296875e-05],"structure_type":"Post"},{"main_cframe":[0.9093017578125,148.458038330078125,-27.560638427734375,-4.76837158203125e-05,2.0824372768402099609375e-06,-1,-0.08720242977142333984375,-0.99619066715240478515625,2.0824372768402099609375e-06,-0.99619066715240478515625,0.08720242977142333984375,4.76837158203125e-05],"structure_type":"Post"},{"main_cframe":[0.90936279296875,133.4811248779296875,-22.696533203125,-2.396106719970703125e-05,6.6459178924560546875e-06,-1,0.51502001285552978515625,0.857178151607513427734375,-6.6459178924560546875e-06,0.857178211212158203125,-0.51502001285552978515625,-2.396106719970703125e-05],"structure_type":"Post"},{"main_cframe":[1.08984375,133.4130859375,53.33941650390625,0,0,-1,-1,0,0,0,1,0],"structure_type":"Wedge4_Thin"},{"main_cframe":[0.9093017578125,148.175933837890625,-24.62957763671875,-6.9141387939453125e-05,-9.715557098388671875e-06,-1,0.2756287157535552978515625,-0.961264133453369140625,-9.715557098388671875e-06,-0.961264133453369140625,-0.2756287157535552978515625,6.9081783294677734375e-05],"structure_type":"Post"},{"main_cframe":[0.9093017578125,148.048797607421875,-29.486724853515625,3.7610530853271484375e-05,-6.30319118499755859375e-06,-1,-0.3255710601806640625,-0.94551753997802734375,-6.30319118499755859375e-06,-0.945517599582672119140625,0.3255710601806640625,-3.7670135498046875e-05],"structure_type":"Post"},{"main_cframe":[0.9093017578125,148.483978271484375,-26.574554443359375,-6.139278411865234375e-05,-1.07288360595703125e-06,-1,0.0349089168012142181396484375,-0.99939060211181640625,-1.07288360595703125e-06,-0.99939048290252685546875,-0.0349089168012142181396484375,6.139278411865234375e-05],"structure_type":"Post"},{"main_cframe":[1.08984375,140.51409912109375,50.2395172119140625,0,0,-1,0,1,0,1,0,0],"structure_type":"Wall2Thin"},{"main_cframe":[0.9093017578125,146.221221923828125,-21.244354248046875,1.430511474609375e-05,5.781650543212890625e-06,-1,0.6946413516998291015625,-0.7193562984466552734375,5.781650543212890625e-06,-0.7193562984466552734375,-0.6946413516998291015625,-1.430511474609375e-05],"structure_type":"Post"},{"main_cframe":[1.08984375,129.4130859375,54.13946533203125,0,0,-1,1,0,0,0,-1,0],"structure_type":"Wedge4_Thin"},{"main_cframe":[1.0904541015625,144.45587158203125,-36.7394866943359375,0,0,1,0,1,0,-1,0,0],"structure_type":"Wall2Thin"},{"main_cframe":[1.08984375,144.51409912109375,48.239654541015625,0,0,-1,0,1,0,1,0,0],"structure_type":"Wall2ShortThin"},{"main_cframe":[1.0899658203125,132.3133544921875,49.2396240234375,0,0,1,0,-1,0,1,0,0],"structure_type":"Wedge2_Thin"},{"main_cframe":[0.9093017578125,148.389373779296875,-25.592681884765625,-6.4373016357421875e-05,-5.058944225311279296875e-06,-1.00000011920928955078125,0.1563866436481475830078125,-0.9876959323883056640625,-5.058944225311279296875e-06,-0.987695991992950439453125,-0.1563866436481475830078125,6.425380706787109375e-05],"structure_type":"Post"},{"main_cframe":[1.0898590087890625,145.414093017578125,49.3394775390625,0,0,-1,-1,0,0,0,1,0],"structure_type":"Wedge8_Thin"},{"main_cframe":[1.08984375,140.51409912109375,48.23956298828125,0,0,-1,0,1,0,1,0,0],"structure_type":"Wall2Thin"},{"main_cframe":[1.0905609130859375,130.37261962890625,-37.095428466796875,1.966953277587890625e-05,1.30236148834228515625e-05,1,0.9204828739166259765625,-0.39078295230865478515625,-1.30236148834228515625e-05,0.3907829225063323974609375,0.9204828739166259765625,-1.966953277587890625e-05],"structure_type":"Wedge9_Thin"},{"main_cframe":[1.0904541015625,132.455902099609375,-35.239501953125,0,0,1,0,1,0,-1,0,0],"structure_type":"Post"},{"main_cframe":[1.08984375,137.4130859375,52.339447021484375,0,0,-1,-1,0,0,0,1,0],"structure_type":"Wedge4_Thin"},{"main_cframe":[1.0904541015625,140.45587158203125,-36.7394866943359375,0,0,1,0,1,0,-1,0,0],"structure_type":"Wall2Thin"},{"main_cframe":[1.0898590087890625,128.980560302734375,52.29742431640625,1.966953277587890625e-05,1.30236148834228515625e-05,-1,0.9204828739166259765625,-0.39078295230865478515625,1.30236148834228515625e-05,-0.3907829225063323974609375,-0.9204828739166259765625,-1.966953277587890625e-05],"structure_type":"Wedge9_Thin"},{"main_cframe":[0.9093017578125,147.406524658203125,-22.816986083984375,0.00038778781890869140625,0.00010395050048828125,-1,0.500193417072296142578125,-0.86591374874114990234375,0.00010395050048828125,-0.8659136295318603515625,-0.500193417072296142578125,-0.00038778781890869140625],"structure_type":"Post"},{"main_cframe":[1.0898590087890625,128.110382080078125,53.31866455078125,1.966953277587890625e-05,1.30236148834228515625e-05,-1,0.9204828739166259765625,-0.39078295230865478515625,1.30236148834228515625e-05,-0.3907829225063323974609375,-0.9204828739166259765625,-1.966953277587890625e-05],"structure_type":"Wedge9_Thin"},{"main_cframe":[1.08984375,135.51409912109375,51.739471435546875,0,0,-1,0,1,0,1,0,0],"structure_type":"Post"},{"main_cframe":[1.08984375,129.4130859375,54.33941650390625,0,0,-1,-1,0,0,0,1,0],"structure_type":"Wedge4_Thin"},{"main_cframe":[1.08984375,131.51409912109375,52.239471435546875,0,0,-1,0,1,0,1,0,0],"structure_type":"Wall2Thin"},{"main_cframe":[0.9093017578125,146.8620147705078125,-21.994415283203125,2.1636486053466796875e-05,7.212162017822265625e-06,-0.999999940395355224609375,0.601876437664031982421875,-0.79858911037445068359375,7.212162017822265625e-06,-0.798589169979095458984375,-0.601876437664031982421875,-2.157688140869140625e-05],"structure_type":"Post"},{"main_cframe":[0.9093017578125,145.49383544921875,-20.577880859375,9.41753387451171875e-06,4.5001506805419921875e-06,-1.00000011920928955078125,0.77714061737060546875,-0.6293270587921142578125,4.5001506805419921875e-06,-0.6293270587921142578125,-0.77714061737060546875,-9.5367431640625e-06],"structure_type":"Post"},{"main_cframe":[0.9093017578125,144.6905975341796875,-20.004913330078125,-7.402896881103515625e-05,-4.09781932830810546875e-05,-1,0.84807503223419189453125,-0.529876232147216796875,-4.09781932830810546875e-05,-0.529876232147216796875,-0.84807503223419189453125,7.3909759521484375e-05],"structure_type":"Post"},{"main_cframe":[0.9093017578125,143.8234710693359375,-19.5341339111328125,1.54972076416015625e-06,9.834766387939453125e-07,-1,0.906333446502685546875,-0.42256319522857666015625,9.834766387939453125e-07,-0.42256319522857666015625,-0.906333446502685546875,-1.54972076416015625e-06],"structure_type":"Post"},{"main_cframe":[1.08984375,128.8140869140625,52.73944091796875,0,0,-1,0,1,0,1,0,0],"structure_type":"Floor1Tiny"},{"main_cframe":[1.08984375,142.4140625,58.339324951171875,0,0,-1,-1,0,0,0,1,0],"structure_type":"Wedge3_Thin"},{"main_cframe":[1.0898590087890625,147.414093017578125,47.3395233154296875,0,0,-1,-1,0,0,0,1,0],"structure_type":"Wedge8_Thin"},{"main_cframe":[1.08984375,139.51409912109375,52.73944091796875,0,0,-1,0,1,0,1,0,0],"structure_type":"Floor1Tiny"},{"main_cframe":[1.0898590087890625,127.2403564453125,54.339599609375,1.966953277587890625e-05,1.30236148834228515625e-05,-1,0.9204828739166259765625,-0.39078295230865478515625,1.30236148834228515625e-05,-0.3907829225063323974609375,-0.9204828739166259765625,-1.966953277587890625e-05],"structure_type":"Wedge9_Thin"},{"main_cframe":[1.08984375,138.51409912109375,55.33941650390625,0,0,1,1,0,0,0,1,0],"structure_type":"Wedge3_Thin"},{"main_cframe":[1.08984375,129.51409912109375,52.23956298828125,0,0,-1,0,1,0,1,0,0],"structure_type":"Wall2ShortThin"},{"main_cframe":[1.08984375,139.51409912109375,53.73944091796875,0,0,-1,0,1,0,1,0,0],"structure_type":"Floor1Tiny"},{"main_cframe":[1.0898590087890625,141.9140625,53.3394775390625,0,0,-1,-1,0,0,0,1,0],"structure_type":"Wedge10_Thin"},{"main_cframe":[1.08984375,140.51409912109375,52.23956298828125,0,0,-1,0,1,0,1,0,0],"structure_type":"Wall2ShortThin"},{"main_cframe":[1.0904541015625,136.45587158203125,-36.7394866943359375,0,0,1,0,1,0,-1,0,0],"structure_type":"Wall2Thin"},{"main_cframe":[1.08984375,128.014068603515625,53.739471435546875,0,0,-1,0,1,0,1,0,0],"structure_type":"Floor1Tiny"},{"main_cframe":[1.0898590087890625,143.4140625,51.3394317626953125,0,0,-1,-1,0,0,0,1,0],"structure_type":"Wedge8_Thin"},{"main_cframe":[1.0898590087890625,138.414093017578125,54.13934326171875,0,0,-1,1,0,0,0,-1,0],"structure_type":"Wedge8_Thin"},{"main_cframe":[1.08984375,139.51409912109375,51.739471435546875,0,0,-1,0,1,0,1,0,0],"structure_type":"Floor1Tiny"},{"main_cframe":[1.0898590087890625,136.914093017578125,55.139404296875,0,0,-1,1,0,0,0,-1,0],"structure_type":"Wedge10_Thin"},{"main_cframe":[1.0898284912109375,142.4140625,55.13934326171875,0,0,1,-1,0,0,0,-1,0],"structure_type":"Wedge9_Thin"},{"main_cframe":[1.08984375,140.51409912109375,56.2393798828125,0,0,-1,0,1,0,1,0,0],"structure_type":"Wall2Thin"},{"main_cframe":[1.08984375,130.414093017578125,64.33917236328125,0,0,-1,-1,0,0,0,1,0],"structure_type":"Wedge3_Thin"},{"main_cframe":[1.0905609130859375,131.296966552734375,-35.87451171875,1.966953277587890625e-05,1.30236148834228515625e-05,1,0.9204828739166259765625,-0.39078295230865478515625,-1.30236148834228515625e-05,0.3907829225063323974609375,0.9204828739166259765625,-1.966953277587890625e-05],"structure_type":"Wedge9_Thin"},{"main_cframe":[1.08984375,114.414093017578125,72.3389892578125,0,0,-1,-1,0,0,0,1,0],"structure_type":"Wedge3_Thin"},{"main_cframe":[1.08984375,137.51409912109375,54.739410400390625,0,0,-1,0,1,0,1,0,0],"structure_type":"Post"},{"main_cframe":[1.08984375,140.51409912109375,53.73944091796875,0,0,-1,0,1,0,1,0,0],"structure_type":"Floor1Tiny"},{"main_cframe":[1.08984375,140.51409912109375,57.739349365234375,0,0,-1,0,1,0,1,0,0],"structure_type":"Post"},{"main_cframe":[1.08984375,106.4141082763671875,76.338897705078125,0,0,-1,-1,0,0,0,1,0],"structure_type":"Wedge3_Thin"},{"main_cframe":[1.0898590087890625,153.4140625,51.1394195556640625,0,0,-1,1,0,0,0,-1,0],"structure_type":"Wedge9_Thin"},{"main_cframe":[1.0898895263671875,126.2557525634765625,55.19183349609375,-0.00029850006103515625,0.0001356899738311767578125,0.999999940395355224609375,0.75339519977569580078125,0.6575679779052734375,0.0001356899738311767578125,-0.657567918300628662109375,0.75339519977569580078125,-0.00029850006103515625],"structure_type":"Wedge9_Thin"},{"main_cframe":[1.08984375,122.4141082763671875,68.339080810546875,0,0,-1,-1,0,0,0,1,0],"structure_type":"Wedge3_Thin"},{"main_cframe":[1.0898590087890625,111.4141082763671875,70.13897705078125,0,0,-1,1,0,0,0,-1,0],"structure_type":"Wedge8_Thin"},{"main_cframe":[1.08984375,138.414093017578125,60.339263916015625,0,0,-1,-1,0,0,0,1,0],"structure_type":"Wedge3_Thin"},{"main_cframe":[1.08984375,110.4141082763671875,74.33892822265625,0,0,-1,-1,0,0,0,1,0],"structure_type":"Wedge3_Thin"},{"main_cframe":[1.08984375,134.414093017578125,62.3392333984375,0,0,-1,-1,0,0,0,1,0],"structure_type":"Wedge3_Thin"},{"main_cframe":[1.08984375,126.4141082763671875,66.339141845703125,0,0,-1,-1,0,0,0,1,0],"structure_type":"Wedge3_Thin"},{"main_cframe":[1.08984375,118.4141082763671875,70.33905029296875,0,0,-1,-1,0,0,0,1,0],"structure_type":"Wedge3_Thin"},{"main_cframe":[1.08984375,146.414093017578125,56.33935546875,0,0,-1,-1,0,0,0,1,0],"structure_type":"Wedge3_Thin"},{"main_cframe":[1.08984375,134.414093017578125,60.1392822265625,0,0,-1,1,0,0,0,-1,0],"structure_type":"Wedge3_Thin"},{"main_cframe":[1.08984375,130.414093017578125,62.13922119140625,0,0,-1,1,0,0,0,-1,0],"structure_type":"Wedge3_Thin"},{"main_cframe":[1.08984375,126.414093017578125,64.139190673828125,0,0,-1,1,0,0,0,-1,0],"structure_type":"Wedge3_Thin"},{"main_cframe":[1.08984375,112.51409912109375,71.239013671875,0,0,-1,0,1,0,1,0,0],"structure_type":"Wall2Thin"},{"main_cframe":[1.08984375,122.4141082763671875,66.139129638671875,0,0,-1,1,0,0,0,-1,0],"structure_type":"Wedge3_Thin"},{"main_cframe":[1.0904541015625,140.45587158203125,-40.7393646240234375,0,0,1,0,1,0,-1,0,0],"structure_type":"Wall2Thin"},{"main_cframe":[1.08984375,124.5141143798828125,65.2391357421875,0,0,-1,0,1,0,1,0,0],"structure_type":"Wall2Thin"},{"main_cframe":[1.08984375,118.414093017578125,68.139068603515625,0,0,-1,1,0,0,0,-1,0],"structure_type":"Wedge3_Thin"},{"main_cframe":[1.08984375,136.51409912109375,59.239288330078125,0,0,-1,0,1,0,1,0,0],"structure_type":"Wall2Thin"},{"main_cframe":[1.08984375,132.51409912109375,61.2392578125,0,0,-1,0,1,0,1,0,0],"structure_type":"Wall2Thin"},{"main_cframe":[1.08984375,128.51409912109375,63.23919677734375,0,0,-1,0,1,0,1,0,0],"structure_type":"Wall2Thin"},{"main_cframe":[1.0905609130859375,153.3558807373046875,-34.8395538330078125,0,0,1,-1,0,0,0,-1,0],"structure_type":"Wedge9_Thin"},{"main_cframe":[1.08984375,116.51409912109375,69.23907470703125,0,0,-1,0,1,0,1,0,0],"structure_type":"Wall2Thin"},{"main_cframe":[1.0898590087890625,103.41410064697265625,78.338531494140625,0,0,-1,-1,0,0,0,1,0],"structure_type":"Wedge9_Thin"},{"main_cframe":[1.0904541015625,148.45587158203125,-35.239501953125,0,0,1,0,1,0,-1,0,0],"structure_type":"Post"},{"main_cframe":[1.0898590087890625,109.4141082763671875,72.138916015625,0,0,-1,1,0,0,0,-1,0],"structure_type":"Wedge8_Thin"},{"main_cframe":[1.08984375,108.51409912109375,73.23895263671875,0,0,-1,0,1,0,1,0,0],"structure_type":"Wall2Thin"},{"main_cframe":[1.0904541015625,132.455902099609375,-36.7394866943359375,0,0,1,0,1,0,-1,0,0],"structure_type":"Wall2Thin"},{"main_cframe":[1.0904541015625,136.45587158203125,-35.239501953125,0,0,1,0,1,0,-1,0,0],"structure_type":"Post"},{"main_cframe":[1.08984375,148.51409912109375,55.239501953125,0,0,-1,0,1,0,1,0,0],"structure_type":"Wall2ShortThin"},{"main_cframe":[1.0898590087890625,103.41410064697265625,78.1387939453125,0,0,-1,1,0,0,0,-1,0],"structure_type":"Wedge8_Thin"},{"main_cframe":[1.0898590087890625,113.4141082763671875,68.139007568359375,0,0,-1,1,0,0,0,-1,0],"structure_type":"Wedge8_Thin"},{"main_cframe":[1.08984375,112.51409912109375,69.23907470703125,0,0,-1,0,1,0,1,0,0],"structure_type":"Wall2Thin"},{"main_cframe":[1.08984375,110.51409912109375,71.23907470703125,0,0,-1,0,1,0,1,0,0],"structure_type":"Wall2ShortThin"},{"main_cframe":[1.0898590087890625,107.41411590576171875,74.13885498046875,0,0,-1,1,0,0,0,-1,0],"structure_type":"Wedge8_Thin"},{"main_cframe":[1.0898590087890625,155.4140625,50.3395233154296875,0,0,-1,-1,0,0,0,1,0],"structure_type":"Wedge8_Thin"},{"main_cframe":[1.0898590087890625,105.4141082763671875,76.138824462890625,0,0,-1,1,0,0,0,-1,0],"structure_type":"Wedge8_Thin"},{"main_cframe":[1.0904541015625,140.45587158203125,-35.239501953125,0,0,1,0,1,0,-1,0,0],"structure_type":"Post"},{"main_cframe":[1.08984375,106.51409912109375,75.239013671875,0,0,-1,0,1,0,1,0,0],"structure_type":"Wall2ShortThin"},{"main_cframe":[1.0904541015625,144.45587158203125,-35.239501953125,0,0,1,0,1,0,-1,0,0],"structure_type":"Post"},{"main_cframe":[1.090576171875,134.3559112548828125,-44.6392974853515625,0,0,1,1,0,0,0,1,0],"structure_type":"Wedge3_Thin"},{"main_cframe":[1.0898590087890625,101.704925537109375,79.458160400390625,3.755092620849609375e-05,2.36034393310546875e-05,-1.0000002384185791015625,0.898815214633941650390625,-0.438328266143798828125,2.36034393310546875e-05,-0.4383281767368316650390625,-0.898815214633941650390625,-3.79085540771484375e-05],"structure_type":"Wedge7_Thin"},{"main_cframe":[1.0904388427734375,147.3556365966796875,-37.8394317626953125,0,0,1,-1,0,0,0,-1,0],"structure_type":"Wedge9_Thin"},{"main_cframe":[1.08984375,144.51409912109375,55.7393798828125,0,0,-1,0,1,0,1,0,0],"structure_type":"Post"},{"main_cframe":[1.08984375,153.514068603515625,51.739471435546875,0,0,-1,0,1,0,1,0,0],"structure_type":"Floor1Tiny"},{"main_cframe":[1.0905609130859375,127.18212890625,-40.839599609375,1.966953277587890625e-05,1.30236148834228515625e-05,1,0.9204828739166259765625,-0.39078295230865478515625,-1.30236148834228515625e-05,0.3907829225063323974609375,0.9204828739166259765625,-1.966953277587890625e-05],"structure_type":"Wedge9_Thin"},{"main_cframe":[1.0905914306640625,101.91357421875,79.13836669921875,0,0,-1,1,0,0,0,-1,0],"structure_type":"Wedge10_Thin"},{"main_cframe":[1.0904388427734375,153.3558807373046875,-36.8394927978515625,0,0,1,-1,0,0,0,-1,0],"structure_type":"Wedge8_Thin"},{"main_cframe":[1.0898590087890625,151.4140625,54.33941650390625,0,0,-1,-1,0,0,0,1,0],"structure_type":"Wedge8_Thin"},{"main_cframe":[1.0898590087890625,153.4140625,52.3394775390625,0,0,-1,-1,0,0,0,1,0],"structure_type":"Wedge8_Thin"},{"main_cframe":[1.0898590087890625,149.414093017578125,56.33935546875,0,0,-1,-1,0,0,0,1,0],"structure_type":"Wedge8_Thin"},{"main_cframe":[1.08984375,146.746002197265625,59.35491943359375,-2.396106719970703125e-05,6.6459178924560546875e-06,1,0.51502001285552978515625,0.857178151607513427734375,6.6459178924560546875e-06,-0.857178211212158203125,0.51502001285552978515625,-2.396106719970703125e-05],"structure_type":"Wedge4_Thin"},{"main_cframe":[1.08984375,148.51409912109375,53.73944091796875,0,0,-1,0,1,0,1,0,0],"structure_type":"Post"},{"main_cframe":[1.08984375,146.414093017578125,55.139404296875,0,0,-1,1,0,0,0,-1,0],"structure_type":"Wedge3_Thin"},{"main_cframe":[1.09063720703125,131.455902099609375,-38.7393035888671875,0,0,1,0,1,0,-1,0,0],"structure_type":"Wall2Thin"},{"main_cframe":[1.08984375,150.4140625,53.139434814453125,0,0,-1,1,0,0,0,-1,0],"structure_type":"Wedge3_Thin"},{"main_cframe":[1.0898590087890625,155.4140625,50.1394500732421875,0,0,-1,1,0,0,0,-1,0],"structure_type":"Wedge9_Thin"},{"main_cframe":[1.0905914306640625,148.0211181640625,57.5855712890625,-1.037120819091796875e-05,-8.4340572357177734375e-06,-1,0.9781424999237060546875,-0.207935810089111328125,-8.4340572357177734375e-06,-0.2079357802867889404296875,-0.9781424999237060546875,1.037120819091796875e-05],"structure_type":"Wedge10_Thin"},{"main_cframe":[1.0904541015625,110.45599365234375,-55.7391204833984375,0,0,1,0,1,0,-1,0,0],"structure_type":"Wall2ShortThin"},{"main_cframe":[1.08984375,157.662109375,49.032928466796875,1.5556812286376953125e-05,-7.1823596954345703125e-06,1.00000011920928955078125,-0.75471675395965576171875,-0.656051158905029296875,7.1823596954345703125e-06,0.656050980091094970703125,-0.75471675395965576171875,-1.585483551025390625e-05],"structure_type":"Wedge4_Thin"},{"main_cframe":[1.08984375,115.2784881591796875,65.9766845703125,-0.00038778781890869140625,0.00010395050048828125,1,-0.500193417072296142578125,-0.86591374874114990234375,-0.00010395050048828125,0.8659136295318603515625,-0.500193417072296142578125,0.00038778781890869140625],"structure_type":"Wedge4_Thin"},{"main_cframe":[1.090576171875,129.3548583984375,-40.839324951171875,0,0,1,-1,0,0,0,-1,0],"structure_type":"Wedge4_Thin"},{"main_cframe":[1.08984375,152.514068603515625,51.739471435546875,0,0,-1,0,1,0,1,0,0],"structure_type":"Floor1Tiny"},{"main_cframe":[1.0905914306640625,148.523529052734375,56.757293701171875,2.6702880859375e-05,-6.42240047454833984375e-06,-1,-0.4540424346923828125,-0.8909800052642822265625,-6.42240047454833984375e-06,-0.8909800052642822265625,0.4540424346923828125,-2.6702880859375e-05],"structure_type":"Wedge10_Thin"},{"main_cframe":[1.09063720703125,112.45599365234375,-55.7390594482421875,0,0,1,0,1,0,-1,0,0],"structure_type":"Wall2Thin"},{"main_cframe":[1.0905914306640625,148.11468505859375,58.025787353515625,-1.037120819091796875e-05,-8.4340572357177734375e-06,-1,0.9781424999237060546875,-0.207935810089111328125,-8.4340572357177734375e-06,-0.2079357802867889404296875,-0.9781424999237060546875,1.037120819091796875e-05],"structure_type":"Wedge10_Thin"},{"main_cframe":[1.090576171875,122.3559417724609375,-50.639068603515625,0,0,1,1,0,0,0,1,0],"structure_type":"Wedge3_Thin"},{"main_cframe":[1.0905609130859375,128.9223480224609375,-38.7973480224609375,1.966953277587890625e-05,1.30236148834228515625e-05,1,0.9204828739166259765625,-0.39078295230865478515625,-1.30236148834228515625e-05,0.3907829225063323974609375,0.9204828739166259765625,-1.966953277587890625e-05],"structure_type":"Wedge9_Thin"},{"main_cframe":[1.0904541015625,129.3548583984375,-40.63934326171875,0,0,1,1,0,0,0,1,0],"structure_type":"Wedge4_Thin"},{"main_cframe":[1.0904541015625,116.4559783935546875,-53.7389984130859375,0,0,1,0,1,0,-1,0,0],"structure_type":"Wall2Thin"},{"main_cframe":[1.0904541015625,118.3559722900390625,-54.8390655517578125,0,0,1,-1,0,0,0,-1,0],"structure_type":"Wedge3_Thin"},{"main_cframe":[1.090576171875,108.45599365234375,-57.7389984130859375,0,0,1,0,1,0,-1,0,0],"structure_type":"Wall2Thin"},{"main_cframe":[1.0904388427734375,149.35589599609375,-40.83941650390625,0,0,1,-1,0,0,0,-1,0],"structure_type":"Wedge8_Thin"},{"main_cframe":[1.0904693603515625,126.1975860595703125,-41.691864013671875,-0.00029850006103515625,0.0001356899738311767578125,-0.999999940395355224609375,0.75339519977569580078125,0.6575679779052734375,-0.0001356899738311767578125,0.657567918300628662109375,-0.75339519977569580078125,-0.00029850006103515625],"structure_type":"Wedge9_Thin"},{"main_cframe":[1.0905609130859375,155.355865478515625,-34.839599609375,0,0,1,-1,0,0,0,-1,0],"structure_type":"Wedge8_Thin"},{"main_cframe":[1.0904541015625,150.3558502197265625,-37.6393585205078125,0,0,1,1,0,0,0,1,0],"structure_type":"Wedge3_Thin"},{"main_cframe":[1.0904388427734375,155.355865478515625,-34.6395263671875,0,0,1,1,0,0,0,1,0],"structure_type":"Wedge9_Thin"},{"main_cframe":[1.0898284912109375,148.465179443359375,-41.257232666015625,2.6702880859375e-05,-6.42240047454833984375e-06,1,-0.4540424346923828125,-0.8909800052642822265625,6.42240047454833984375e-06,0.8909800052642822265625,-0.4540424346923828125,-2.6702880859375e-05],"structure_type":"Wedge10_Thin"},{"main_cframe":[1.0904388427734375,130.0559539794921875,-39.7393951416015625,0,0,1,-1,0,0,0,-1,0],"structure_type":"Wedge7_Thin"},{"main_cframe":[1.0904541015625,112.45599365234375,-53.7389984130859375,0,0,1,0,1,0,-1,0,0],"structure_type":"Wall2Thin"},{"main_cframe":[1.0905609130859375,151.3558502197265625,-38.8394012451171875,0,0,1,-1,0,0,0,-1,0],"structure_type":"Wedge8_Thin"},{"main_cframe":[1.090576171875,144.45587158203125,-40.2393798828125,0,0,1,0,1,0,-1,0,0],"structure_type":"Post"},{"main_cframe":[1.0905609130859375,107.355987548828125,-58.638885498046875,0,0,1,1,0,0,0,1,0],"structure_type":"Wedge8_Thin"},{"main_cframe":[1.0905609130859375,101.6468353271484375,-63.958160400390625,3.755092620849609375e-05,2.36034393310546875e-05,1.0000002384185791015625,0.898815214633941650390625,-0.438328266143798828125,-2.36034393310546875e-05,0.4383281767368316650390625,0.898815214633941650390625,-3.79085540771484375e-05],"structure_type":"Wedge7_Thin"},{"main_cframe":[1.0904388427734375,103.35601806640625,-62.638763427734375,0,0,1,1,0,0,0,1,0],"structure_type":"Wedge8_Thin"},{"main_cframe":[1.0905609130859375,103.35601806640625,-62.8385009765625,0,0,1,-1,0,0,0,-1,0],"structure_type":"Wedge9_Thin"},{"main_cframe":[1.090576171875,130.355926513671875,-46.639190673828125,0,0,1,1,0,0,0,1,0],"structure_type":"Wedge3_Thin"},{"main_cframe":[1.0905609130859375,105.3560333251953125,-60.6388397216796875,0,0,1,1,0,0,0,1,0],"structure_type":"Wedge8_Thin"},{"main_cframe":[1.090576171875,146.3558807373046875,-39.6394195556640625,0,0,1,1,0,0,0,1,0],"structure_type":"Wedge3_Thin"},{"main_cframe":[1.090576171875,148.45587158203125,-38.2393798828125,0,0,1,0,1,0,-1,0,0],"structure_type":"Post"},{"main_cframe":[1.0905609130859375,153.3558807373046875,-35.6393890380859375,0,0,1,1,0,0,0,1,0],"structure_type":"Wedge9_Thin"},{"main_cframe":[1.0905609130859375,113.3560028076171875,-52.63897705078125,0,0,1,1,0,0,0,1,0],"structure_type":"Wedge8_Thin"},{"main_cframe":[1.0904541015625,124.4559173583984375,-49.7390594482421875,0,0,1,0,1,0,-1,0,0],"structure_type":"Wall2Thin"},{"main_cframe":[1.090576171875,106.45599365234375,-59.7389678955078125,0,0,1,0,1,0,-1,0,0],"structure_type":"Wall2ShortThin"},{"main_cframe":[1.090576171875,153.455841064453125,-36.239410400390625,0,0,1,0,1,0,-1,0,0],"structure_type":"Floor1Tiny"},{"main_cframe":[1.0905609130859375,126.6019744873046875,-41.5204620361328125,1.966953277587890625e-05,1.30236148834228515625e-05,1,0.9204828739166259765625,-0.39078295230865478515625,-1.30236148834228515625e-05,0.3907829225063323974609375,0.9204828739166259765625,-1.966953277587890625e-05],"structure_type":"Wedge9_Thin"},{"main_cframe":[1.0905609130859375,109.355987548828125,-56.638885498046875,0,0,1,1,0,0,0,1,0],"structure_type":"Wedge8_Thin"},{"main_cframe":[1.0904541015625,146.6876220703125,-43.854888916015625,-2.3