[{"main_cframe":[-1.59999847412109375,26.5,96.9000244140625,0,-1,0,-1,0,0,0,0,-1],"structure_type":"Wall2Tall"},{"main_cframe":[-1.20000457763671875,32.40000152587890625,98.79998779296875,-0.0109097957611083984375,-0.051133088767528533935546875,-0.998632252216339111328125,0.00027911551296710968017578125,-0.9986917972564697265625,0.051133088767528533935546875,-0.999940454959869384765625,0.00027911551296710968017578125,0.0109097957611083984375],"structure_type":"Wall2Tall"},{"main_cframe":[14.40000152587890625,26.5,96.9000244140625,0,-1,0,-1,0,0,0,0,-1],"structure_type":"Wall2Tall"},{"main_cframe":[-17.59999847412109375,26.5,96.9000244140625,0,-1,0,-1,0,0,0,0,-1],"structure_type":"Wall2Tall"},{"main_cframe":[12.600006103515625,0.8999958038330078125,98.79998779296875,-4.100799560546875e-05,0.544636547565460205078125,0.838672161102294921875,1.21593475341796875e-05,0.838672161102294921875,-0.544636547565460205078125,-1,-1.21593475341796875e-05,-4.100799560546875e-05],"structure_type":"Wall2Tall"},{"main_cframe":[-9.59999847412109375,26.5,96.9000244140625,0,-1,0,-1,0,0,0,0,-1],"structure_type":"Wall2Tall"},{"main_cframe":[12.5,16.59999847412109375,96.9000244140625,-1,0,0,0,1,0,0,0,-1],"structure_type":"Wall2Tall"},{"main_cframe":[6.40000152587890625,26.5,96.9000244140625,0,-1,0,-1,0,0,0,0,-1],"structure_type":"Wall2Tall"},{"main_cframe":[12.5,8.6000003814697265625,96.9000244140625,-1,0,0,0,1,0,0,0,-1],"structure_type":"Wall2Tall"},{"main_cframe":[-23.40000152587890625,8.6000003814697265625,96.9000244140625,-1,0,0,0,1,0,0,0,-1],"structure_type":"Wall2Tall"},{"main_cframe":[-23.40000152587890625,16.59999847412109375,96.9000244140625,-1,0,0,0,1,0,0,0,-1],"structure_type":"Wall2Tall"},{"main_cframe":[12.5,0.6000003814697265625,96.9000244140625,-1,0,0,0,1,0,0,0,-1],"structure_type":"Wall2Tall"},{"main_cframe":[-23.40000152587890625,0.6000003814697265625,96.9000244140625,-1,0,0,0,1,0,0,0,-1],"structure_type":"Wall2Tall"},{"main_cframe":[-23.40000152587890625,0.6000003814697265625,96.9000244140625,-1,0,0,0,1,0,0,0,-1],"structure_type":"Wall2Tall"},{"main_cframe":[13.5,0.5,98.79998779296875,-3.36170196533203125e-05,0.30903279781341552734375,0.951051414012908935546875,5.31971454620361328125e-06,0.951051414012908935546875,-0.30903279781341552734375,-1,-5.31971454620361328125e-06,-3.36170196533203125e-05],"structure_type":"Wall2Tall"},{"main_cframe":[-23.40000152587890625,0.6000003814697265625,96.9000244140625,-1,0,0,0,1,0,0,0,-1],"structure_type":"Wall2Tall"},{"main_cframe":[14.399993896484375,0.299999237060546875,98.79998779296875,-4.661083221435546875e-05,0.0523534007370471954345703125,0.998628675937652587890625,1.2218952178955078125e-06,0.9986286163330078125,-0.0523534007370471954345703125,-1,-1.2218952178955078125e-06,-4.661083221435546875e-05],"structure_type":"Wall2Tall"},{"main_cframe":[11.8000030517578125,1.4999980926513671875,98.79998779296875,6.425380706787109375e-05,0.74318373203277587890625,0.6690876483917236328125,-2.86996364593505859375e-05,0.669087469577789306640625,-0.74318373203277587890625,-1.00000011920928955078125,2.86996364593505859375e-05,6.425380706787109375e-05],"structure_type":"Wall2Tall"},{"main_cframe":[18.399997711181640625,3.099994659423828125,98.79998779296875,2.2411346435546875e-05,-0.965912342071533203125,0.2588694095611572265625,1.71959400177001953125e-05,0.2588694095611572265625,0.965912342071533203125,-1,-1.71959400177001953125e-05,2.2411346435546875e-05],"structure_type":"Wall2Tall"},{"main_cframe":[10.799999237060546875,3.499996185302734375,98.79998779296875,3.21865081787109375e-05,0.9876906871795654296875,0.1564198434352874755859375,-2.753734588623046875e-05,0.156419813632965087890625,-0.9876906871795654296875,-1,2.753734588623046875e-05,3.21865081787109375e-05],"structure_type":"Wall2Tall"},{"main_cframe":[11.200000762939453125,2.4000034332275390625,98.79998779296875,-1.442432403564453125e-05,0.8910005092620849609375,0.454002559185028076171875,8.7916851043701171875e-06,0.45400249958038330078125,-0.8910005092620849609375,-1,-8.7916851043701171875e-06,-1.442432403564453125e-05],"structure_type":"Wall2Tall"},{"main_cframe":[10.799999237060546875,3.499996185302734375,98.79998779296875,3.21865081787109375e-05,0.9876906871795654296875,0.1564198434352874755859375,-2.753734588623046875e-05,0.156419813632965087890625,-0.9876906871795654296875,-1,2.753734588623046875e-05,3.21865081787109375e-05],"structure_type":"Wall2Tall"},{"main_cframe":[15.3000030517578125,0.3999996185302734375,98.79998779296875,6.425380706787109375e-05,-0.1563866436481475830078125,0.987695991992950439453125,5.058944225311279296875e-06,0.9876959323883056640625,0.1563866436481475830078125,-1.00000011920928955078125,-5.058944225311279296875e-06,6.425380706787109375e-05],"structure_type":"Wall2Tall"},{"main_cframe":[16.3000030517578125,0.700000762939453125,98.79998779296875,2.6702880859375e-05,-0.4540424346923828125,0.8909800052642822265625,6.42240047454833984375e-06,0.890980064868927001953125,0.4540424346923828125,-1,-6.42240047454833984375e-06,2.6702880859375e-05],"structure_type":"Wall2Tall"},{"main_cframe":[15.3000030517578125,0.3999996185302734375,98.79998779296875,6.425380706787109375e-05,-0.1563866436481475830078125,0.987695991992950439453125,5.058944225311279296875e-06,0.9876959323883056640625,0.1563866436481475830078125,-1.00000011920928955078125,-5.058944225311279296875e-06,6.425380706787109375e-05],"structure_type":"Wall2Tall"},{"main_cframe":[16.3000030517578125,0.700000762939453125,98.79998779296875,2.6702880859375e-05,-0.4540424346923828125,0.8909800052642822265625,6.42240047454833984375e-06,0.890980064868927001953125,0.4540424346923828125,-1,-6.42240047454833984375e-06,2.6702880859375e-05],"structure_type":"Wall2Tall"},{"main_cframe":[17.1999988555908203125,1.2999973297119140625,98.79998779296875,1.108646392822265625e-05,-0.6691167354583740234375,0.74315726757049560546875,4.2617321014404296875e-06,0.74315726757049560546875,0.6691167354583740234375,-1,-4.2617321014404296875e-06,1.108646392822265625e-05],"structure_type":"Wall2Tall"},{"main_cframe":[17.8999958038330078125,2.099994659423828125,98.79998779296875,1.943111419677734375e-05,-0.83864843845367431640625,0.544673025608062744140625,1.05202198028564453125e-05,0.54467308521270751953125,0.83864843845367431640625,-0.999999940395355224609375,-1.05202198028564453125e-05,1.943111419677734375e-05],"structure_type":"Wall2Tall"},{"main_cframe":[18.5,4.1000003814697265625,98.79998779296875,0,-1,0,0,0,1,-1,0,0],"structure_type":"Wall2Tall"},{"main_cframe":[17.1999988555908203125,9.2999973297119140625,98.79998779296875,1.108646392822265625e-05,-0.6691167354583740234375,0.74315726757049560546875,4.2617321014404296875e-06,0.74315726757049560546875,0.6691167354583740234375,-1,-4.2617321014404296875e-06,1.108646392822265625e-05],"structure_type":"Wall2Tall"},{"main_cframe":[12.600006103515625,8.899997711181640625,98.79998779296875,-4.100799560546875e-05,0.544636547565460205078125,0.838672161102294921875,1.21593475341796875e-05,0.838672161102294921875,-0.544636547565460205078125,-1,-1.21593475341796875e-05,-4.100799560546875e-05],"structure_type":"Wall2Tall"},{"main_cframe":[14.399993896484375,8.299999237060546875,98.79998779296875,-4.661083221435546875e-05,0.0523534007370471954345703125,0.998628675937652587890625,1.2218952178955078125e-06,0.9986286163330078125,-0.0523534007370471954345703125,-1,-1.2218952178955078125e-06,-4.661083221435546875e-05],"structure_type":"Wall2Tall"},{"main_cframe":[13.5,8.5,98.79998779296875,-3.36170196533203125e-05,0.30903279781341552734375,0.951051414012908935546875,5.31971454620361328125e-06,0.951051414012908935546875,-0.30903279781341552734375,-1,-5.31971454620361328125e-06,-3.36170196533203125e-05],"structure_type":"Wall2Tall"},{"main_cframe":[11.8000030517578125,9.4999980926513671875,98.79998779296875,6.425380706787109375e-05,0.74318373203277587890625,0.6690876483917236328125,-2.86996364593505859375e-05,0.669087469577789306640625,-0.74318373203277587890625,-1.00000011920928955078125,2.86996364593505859375e-05,6.425380706787109375e-05],"structure_type":"Wall2Tall"},{"main_cframe":[11.200000762939453125,10.400005340576171875,98.79998779296875,-1.442432403564453125e-05,0.8910005092620849609375,0.454002559185028076171875,8.7916851043701171875e-06,0.45400249958038330078125,-0.8910005092620849609375,-1,-8.7916851043701171875e-06,-1.442432403564453125e-05],"structure_type":"Wall2Tall"},{"main_cframe":[10.799999237060546875,11.499996185302734375,98.79998779296875,3.21865081787109375e-05,0.9876906871795654296875,0.1564198434352874755859375,-2.753734588623046875e-05,0.156419813632965087890625,-0.9876906871795654296875,-1,2.753734588623046875e-05,3.21865081787109375e-05],"structure_type":"Wall2Tall"},{"main_cframe":[18.399997711181640625,11.099994659423828125,98.79998779296875,2.2411346435546875e-05,-0.965912342071533203125,0.2588694095611572265625,1.71959400177001953125e-05,0.2588694095611572265625,0.965912342071533203125,-1,-1.71959400177001953125e-05,2.2411346435546875e-05],"structure_type":"Wall2Tall"},{"main_cframe":[15.3000030517578125,8.40000152587890625,98.79998779296875,6.425380706787109375e-05,-0.1563866436481475830078125,0.987695991992950439453125,5.058944225311279296875e-06,0.9876959323883056640625,0.1563866436481475830078125,-1.00000011920928955078125,-5.058944225311279296875e-06,6.425380706787109375e-05],"structure_type":"Wall2Tall"},{"main_cframe":[15.3000030517578125,8.40000152587890625,98.79998779296875,6.425380706787109375e-05,-0.1563866436481475830078125,0.987695991992950439453125,5.058944225311279296875e-06,0.9876959323883056640625,0.1563866436481475830078125,-1.00000011920928955078125,-5.058944225311279296875e-06,6.425380706787109375e-05],"structure_type":"Wall2Tall"},{"main_cframe":[16.3000030517578125,8.700000762939453125,98.79998779296875,2.6702880859375e-05,-0.4540424346923828125,0.8909800052642822265625,6.42240047454833984375e-06,0.890980064868927001953125,0.4540424346923828125,-1,-6.42240047454833984375e-06,2.6702880859375e-05],"structure_type":"Wall2Tall"},{"main_cframe":[16.3000030517578125,8.700000762939453125,98.79998779296875,2.6702880859375e-05,-0.4540424346923828125,0.8909800052642822265625,6.42240047454833984375e-06,0.890980064868927001953125,0.4540424346923828125,-1,-6.42240047454833984375e-06,2.6702880859375e-05],"structure_type":"Wall2Tall"},{"main_cframe":[10.799999237060546875,11.499996185302734375,98.79998779296875,3.21865081787109375e-05,0.9876906871795654296875,0.1564198434352874755859375,-2.753734588623046875e-05,0.156419813632965087890625,-0.9876906871795654296875,-1,2.753734588623046875e-05,3.21865081787109375e-05],"structure_type":"Wall2Tall"},{"main_cframe":[14.399993896484375,16.3000030517578125,98.79998779296875,-4.661083221435546875e-05,0.0523534007370471954345703125,0.998628675937652587890625,1.2218952178955078125e-06,0.9986286163330078125,-0.0523534007370471954345703125,-1,-1.2218952178955078125e-06,-4.661083221435546875e-05],"structure_type":"Wall2Tall"},{"main_cframe":[17.8999958038330078125,10.099994659423828125,98.79998779296875,1.943111419677734375e-05,-0.83864843845367431640625,0.544673025608062744140625,1.05202198028564453125e-05,0.54467308521270751953125,0.83864843845367431640625,-0.999999940395355224609375,-1.05202198028564453125e-05,1.943111419677734375e-05],"structure_type":"Wall2Tall"},{"main_cframe":[10.799999237060546875,19.499996185302734375,98.79998779296875,3.21865081787109375e-05,0.9876906871795654296875,0.1564198434352874755859375,-2.753734588623046875e-05,0.156419813632965087890625,-0.9876906871795654296875,-1,2.753734588623046875e-05,3.21865081787109375e-05],"structure_type":"Wall2Tall"},{"main_cframe":[18.5,12.1000003814697265625,98.79998779296875,0,-1,0,0,0,1,-1,0,0],"structure_type":"Wall2Tall"},{"main_cframe":[13.5,16.5,98.79998779296875,-3.36170196533203125e-05,0.30903279781341552734375,0.951051414012908935546875,5.31971454620361328125e-06,0.951051414012908935546875,-0.30903279781341552734375,-1,-5.31971454620361328125e-06,-3.36170196533203125e-05],"structure_type":"Wall2Tall"},{"main_cframe":[12.600006103515625,16.899997711181640625,98.79998779296875,-4.100799560546875e-05,0.544636547565460205078125,0.838672161102294921875,1.21593475341796875e-05,0.838672161102294921875,-0.544636547565460205078125,-1,-1.21593475341796875e-05,-4.100799560546875e-05],"structure_type":"Wall2Tall"},{"main_cframe":[11.8000030517578125,17.499996185302734375,98.79998779296875,6.425380706787109375e-05,0.74318373203277587890625,0.6690876483917236328125,-2.86996364593505859375e-05,0.669087469577789306640625,-0.74318373203277587890625,-1.00000011920928955078125,2.86996364593505859375e-05,6.425380706787109375e-05],"structure_type":"Wall2Tall"},{"main_cframe":[11.200000762939453125,18.400005340576171875,98.79998779296875,-1.442432403564453125e-05,0.8910005092620849609375,0.454002559185028076171875,8.7916851043701171875e-06,0.45400249958038330078125,-0.8910005092620849609375,-1,-8.7916851043701171875e-06,-1.442432403564453125e-05],"structure_type":"Wall2Tall"},{"main_cframe":[16.3000030517578125,16.700000762939453125,98.79998779296875,2.6702880859375e-05,-0.4540424346923828125,0.8909800052642822265625,6.42240047454833984375e-06,0.890980064868927001953125,0.4540424346923828125,-1,-6.42240047454833984375e-06,2.6702880859375e-05],"structure_type":"Wall2Tall"},{"main_cframe":[10.799999237060546875,19.499996185302734375,98.79998779296875,3.21865081787109375e-05,0.9876906871795654296875,0.1564198434352874755859375,-2.753734588623046875e-05,0.156419813632965087890625,-0.9876906871795654296875,-1,2.753734588623046875e-05,3.21865081787109375e-05],"structure_type":"Wall2Tall"},{"main_cframe":[15.3000030517578125,16.40000152587890625,98.79998779296875,6.425380706787109375e-05,-0.1563866436481475830078125,0.987695991992950439453125,5.058944225311279296875e-06,0.9876959323883056640625,0.1563866436481475830078125,-1.00000011920928955078125,-5.058944225311279296875e-06,6.425380706787109375e-05],"structure_type":"Wall2Tall"},{"main_cframe":[16.3000030517578125,16.700000762939453125,98.79998779296875,2.6702880859375e-05,-0.4540424346923828125,0.8909800052642822265625,6.42240047454833984375e-06,0.890980064868927001953125,0.4540424346923828125,-1,-6.42240047454833984375e-06,2.6702880859375e-05],"structure_type":"Wall2Tall"},{"main_cframe":[15.3000030517578125,16.40000152587890625,98.79998779296875,6.425380706787109375e-05,-0.1563866436481475830078125,0.987695991992950439453125,5.058944225311279296875e-06,0.9876959323883056640625,0.1563866436481475830078125,-1.00000011920928955078125,-5.058944225311279296875e-06,6.425380706787109375e-05],"structure_type":"Wall2Tall"},{"main_cframe":[17.1999988555908203125,17.299999237060546875,98.79998779296875,1.108646392822265625e-05,-0.6691167354583740234375,0.74315726757049560546875,4.2617321014404296875e-06,0.74315726757049560546875,0.6691167354583740234375,-1,-4.2617321014404296875e-06,1.108646392822265625e-05],"structure_type":"Wall2Tall"},{"main_cframe":[17.8999958038330078125,18.099994659423828125,98.79998779296875,1.943111419677734375e-05,-0.83864843845367431640625,0.544673025608062744140625,1.05202198028564453125e-05,0.54467308521270751953125,0.83864843845367431640625,-0.999999940395355224609375,-1.05202198028564453125e-05,1.943111419677734375e-05],"structure_type":"Wall2Tall"},{"main_cframe":[18.399997711181640625,19.099994659423828125,98.79998779296875,2.2411346435546875e-05,-0.965912342071533203125,0.2588694095611572265625,1.71959400177001953125e-05,0.2588694095611572265625,0.965912342071533203125,-1,-1.71959400177001953125e-05,2.2411346435546875e-05],"structure_type":"Wall2Tall"},{"main_cframe":[-29,3.5,98.79998779296875,3.21865081787109375e-05,0.9876906871795654296875,0.1564198434352874755859375,-2.753734588623046875e-05,0.156419813632965087890625,-0.9876906871795654296875,-1,2.753734588623046875e-05,3.21865081787109375e-05],"structure_type":"Wall2Tall"},{"main_cframe":[18.5,20.09999847412109375,98.79998779296875,0,-1,0,0,0,1,-1,0,0],"structure_type":"Wall2Tall"},{"main_cframe":[-25.399993896484375,0.299999237060546875,98.79998779296875,-4.661083221435546875e-05,0.0523534007370471954345703125,0.998628675937652587890625,1.2218952178955078125e-06,0.9986286163330078125,-0.0523534007370471954345703125,-1,-1.2218952178955078125e-06,-4.661083221435546875e-05],"structure_type":"Wall2Tall"},{"main_cframe":[-26.3000030517578125,0.5,98.79998779296875,-3.36170196533203125e-05,0.30903279781341552734375,0.951051414012908935546875,5.31971454620361328125e-06,0.951051414012908935546875,-0.30903279781341552734375,-1,-5.31971454620361328125e-06,-3.36170196533203125e-05],"structure_type":"Wall2Tall"},{"main_cframe":[-22.600006103515625,1.2999935150146484375,98.79998779296875,1.108646392822265625e-05,-0.6691167354583740234375,0.74315726757049560546875,4.2617321014404296875e-06,0.74315726757049560546875,0.6691167354583740234375,-1,-4.2617321014404296875e-06,1.108646392822265625e-05],"structure_type":"Wall2Tall"},{"main_cframe":[-27.1999969482421875,0.8999996185302734375,98.79998779296875,-4.100799560546875e-05,0.544636547565460205078125,0.838672161102294921875,1.21593475341796875e-05,0.838672161102294921875,-0.544636547565460205078125,-1,-1.21593475341796875e-05,-4.100799560546875e-05],"structure_type":"Wall2Tall"},{"main_cframe":[-28,1.5,98.79998779296875,6.425380706787109375e-05,0.74318373203277587890625,0.6690876483917236328125,-2.86996364593505859375e-05,0.669087469577789306640625,-0.74318373203277587890625,-1.00000011920928955078125,2.86996364593505859375e-05,6.425380706787109375e-05],"structure_type":"Wall2Tall"},{"main_cframe":[-28.59999847412109375,2.4000072479248046875,98.79998779296875,-1.442432403564453125e-05,0.8910005092620849609375,0.454002559185028076171875,8.7916851043701171875e-06,0.45400249958038330078125,-0.8910005092620849609375,-1,-8.7916851043701171875e-06,-1.442432403564453125e-05],"structure_type":"Wall2Tall"},{"main_cframe":[-29,3.5,98.79998779296875,3.21865081787109375e-05,0.9876906871795654296875,0.1564198434352874755859375,-2.753734588623046875e-05,0.156419813632965087890625,-0.9876906871795654296875,-1,2.753734588623046875e-05,3.21865081787109375e-05],"structure_type":"Wall2Tall"},{"main_cframe":[-24.5,0.3999996185302734375,98.79998779296875,6.425380706787109375e-05,-0.1563866436481475830078125,0.987695991992950439453125,5.058944225311279296875e-06,0.9876959323883056640625,0.1563866436481475830078125,-1.00000011920928955078125,-5.058944225311279296875e-06,6.425380706787109375e-05],"structure_type":"Wall2Tall"},{"main_cframe":[-23.5,0.700000762939453125,98.79998779296875,2.6702880859375e-05,-0.4540424346923828125,0.8909800052642822265625,6.42240047454833984375e-06,0.890980064868927001953125,0.4540424346923828125,-1,-6.42240047454833984375e-06,2.6702880859375e-05],"structure_type":"Wall2Tall"},{"main_cframe":[-24.5,0.3999996185302734375,98.79998779296875,6.425380706787109375e-05,-0.1563866436481475830078125,0.987695991992950439453125,5.058944225311279296875e-06,0.9876959323883056640625,0.1563866436481475830078125,-1.00000011920928955078125,-5.058944225311279296875e-06,6.425380706787109375e-05],"structure_type":"Wall2Tall"},{"main_cframe":[-23.5,0.700000762939453125,98.79998779296875,2.6702880859375e-05,-0.4540424346923828125,0.8909800052642822265625,6.42240047454833984375e-06,0.890980064868927001953125,0.4540424346923828125,-1,-6.42240047454833984375e-06,2.6702880859375e-05],"structure_type":"Wall2Tall"},{"main_cframe":[-21.899993896484375,2.100006103515625,98.79998779296875,1.943111419677734375e-05,-0.83864843845367431640625,0.544673025608062744140625,1.05202198028564453125e-05,0.54467308521270751953125,0.83864843845367431640625,-0.999999940395355224609375,-1.05202198028564453125e-05,1.943111419677734375e-05],"structure_type":"Wall2Tall"},{"main_cframe":[-25.399993896484375,8.299999237060546875,98.79998779296875,-4.661083221435546875e-05,0.0523534007370471954345703125,0.998628675937652587890625,1.2218952178955078125e-06,0.9986286163330078125,-0.0523534007370471954345703125,-1,-1.2218952178955078125e-06,-4.661083221435546875e-05],"structure_type":"Wall2Tall"},{"main_cframe":[-21.40000152587890625,3.1000080108642578125,98.79998779296875,2.2411346435546875e-05,-0.965912342071533203125,0.2588694095611572265625,1.71959400177001953125e-05,0.2588694095611572265625,0.965912342071533203125,-1,-1.71959400177001953125e-05,2.2411346435546875e-05],"structure_type":"Wall2Tall"},{"main_cframe":[-27.1999969482421875,8.90000152587890625,98.79998779296875,-4.100799560546875e-05,0.544636547565460205078125,0.838672161102294921875,1.21593475341796875e-05,0.838672161102294921875,-0.544636547565460205078125,-1,-1.21593475341796875e-05,-4.100799560546875e-05],"structure_type":"Wall2Tall"},{"main_cframe":[-21.3000030517578125,4.1000003814697265625,98.79998779296875,0,-1,0,0,0,1,-1,0,0],"structure_type":"Wall2Tall"},{"main_cframe":[-26.3000030517578125,8.5,98.79998779296875,-3.36170196533203125e-05,0.30903279781341552734375,0.951051414012908935546875,5.31971454620361328125e-06,0.951051414012908935546875,-0.30903279781341552734375,-1,-5.31971454620361328125e-06,-3.36170196533203125e-05],"structure_type":"Wall2Tall"},{"main_cframe":[-28,9.5,98.79998779296875,6.425380706787109375e-05,0.74318373203277587890625,0.6690876483917236328125,-2.86996364593505859375e-05,0.669087469577789306640625,-0.74318373203277587890625,-1.00000011920928955078125,2.86996364593505859375e-05,6.425380706787109375e-05],"structure_type":"Wall2Tall"},{"main_cframe":[-21.40000152587890625,11.1000080108642578125,98.79998779296875,2.2411346435546875e-05,-0.965912342071533203125,0.2588694095611572265625,1.71959400177001953125e-05,0.2588694095611572265625,0.965912342071533203125,-1,-1.71959400177001953125e-05,2.2411346435546875e-05],"structure_type":"Wall2Tall"},{"main_cframe":[-29,11.5,98.79998779296875,3.21865081787109375e-05,0.9876906871795654296875,0.1564198434352874755859375,-2.753734588623046875e-05,0.156419813632965087890625,-0.9876906871795654296875,-1,2.753734588623046875e-05,3.21865081787109375e-05],"structure_type":"Wall2Tall"},{"main_cframe":[-28.59999847412109375,10.4000091552734375,98.79998779296875,-1.442432403564453125e-05,0.8910005092620849609375,0.454002559185028076171875,8.7916851043701171875e-06,0.45400249958038330078125,-0.8910005092620849609375,-1,-8.7916851043701171875e-06,-1.442432403564453125e-05],"structure_type":"Wall2Tall"},{"main_cframe":[-29,11.5,98.79998779296875,3.21865081787109375e-05,0.9876906871795654296875,0.1564198434352874755859375,-2.753734588623046875e-05,0.156419813632965087890625,-0.9876906871795654296875,-1,2.753734588623046875e-05,3.21865081787109375e-05],"structure_type":"Wall2Tall"},{"main_cframe":[-24.5,8.40000152587890625,98.79998779296875,6.425380706787109375e-05,-0.1563866436481475830078125,0.987695991992950439453125,5.058944225311279296875e-06,0.9876959323883056640625,0.1563866436481475830078125,-1.00000011920928955078125,-5.058944225311279296875e-06,6.425380706787109375e-05],"structure_type":"Wall2Tall"},{"main_cframe":[-24.5,8.40000152587890625,98.79998779296875,6.425380706787109375e-05,-0.1563866436481475830078125,0.987695991992950439453125,5.058944225311279296875e-06,0.9876959323883056640625,0.1563866436481475830078125,-1.00000011920928955078125,-5.058944225311279296875e-06,6.425380706787109375e-05],"structure_type":"Wall2Tall"},{"main_cframe":[-23.5,8.700000762939453125,98.79998779296875,2.6702880859375e-05,-0.4540424346923828125,0.8909800052642822265625,6.42240047454833984375e-06,0.890980064868927001953125,0.4540424346923828125,-1,-6.42240047454833984375e-06,2.6702880859375e-05],"structure_type":"Wall2Tall"},{"main_cframe":[-23.5,8.700000762939453125,98.79998779296875,2.6702880859375e-05,-0.4540424346923828125,0.8909800052642822265625,6.42240047454833984375e-06,0.890980064868927001953125,0.4540424346923828125,-1,-6.42240047454833984375e-06,2.6702880859375e-05],"structure_type":"Wall2Tall"},{"main_cframe":[-22.600006103515625,9.2999935150146484375,98.79998779296875,1.108646392822265625e-05,-0.6691167354583740234375,0.74315726757049560546875,4.2617321014404296875e-06,0.74315726757049560546875,0.6691167354583740234375,-1,-4.2617321014404296875e-06,1.108646392822265625e-05],"structure_type":"Wall2Tall"},{"main_cframe":[-21.3000030517578125,12.1000003814697265625,98.79998779296875,0,-1,0,0,0,1,-1,0,0],"structure_type":"Wall2Tall"},{"main_cframe":[-21.899993896484375,10.100006103515625,98.79998779296875,1.943111419677734375e-05,-0.83864843845367431640625,0.544673025608062744140625,1.05202198028564453125e-05,0.54467308521270751953125,0.83864843845367431640625,-0.999999940395355224609375,-1.05202198028564453125e-05,1.943111419677734375e-05],"structure_type":"Wall2Tall"},{"main_cframe":[-25.399993896484375,16.3000030517578125,98.79998779296875,-4.661083221435546875e-05,0.0523534007370471954345703125,0.998628675937652587890625,1.2218952178955078125e-06,0.9986286163330078125,-0.0523534007370471954345703125,-1,-1.2218952178955078125e-06,-4.661083221435546875e-05],"structure_type":"Wall2Tall"},{"main_cframe":[-28.59999847412109375,18.4000091552734375,98.79998779296875,-1.442432403564453125e-05,0.8910005092620849609375,0.454002559185028076171875,8.7916851043701171875e-06,0.45400249958038330078125,-0.8910005092620849609375,-1,-8.7916851043701171875e-06,-1.442432403564453125e-05],"structure_type":"Wall2Tall"},{"main_cframe":[-26.3000030517578125,16.5,98.79998779296875,-3.36170196533203125e-05,0.30903279781341552734375,0.951051414012908935546875,5.31971454620361328125e-06,0.951051414012908935546875,-0.30903279781341552734375,-1,-5.31971454620361328125e-06,-3.36170196533203125e-05],"structure_type":"Wall2Tall"},{"main_cframe":[-27.1999969482421875,16.90000152587890625,98.79998779296875,-4.100799560546875e-05,0.544636547565460205078125,0.838672161102294921875,1.21593475341796875e-05,0.838672161102294921875,-0.544636547565460205078125,-1,-1.21593475341796875e-05,-4.100799560546875e-05],"structure_type":"Wall2Tall"},{"main_cframe":[-21.3000030517578125,20.09999847412109375,98.79998779296875,0,-1,0,0,0,1,-1,0,0],"structure_type":"Wall2Tall"},{"main_cframe":[-28,17.5,98.79998779296875,6.425380706787109375e-05,0.74318373203277587890625,0.6690876483917236328125,-2.86996364593505859375e-05,0.669087469577789306640625,-0.74318373203277587890625,-1.00000011920928955078125,2.86996364593505859375e-05,6.425380706787109375e-05],"structure_type":"Wall2Tall"},{"main_cframe":[-29,19.5,98.79998779296875,3.21865081787109375e-05,0.9876906871795654296875,0.1564198434352874755859375,-2.753734588623046875e-05,0.156419813632965087890625,-0.9876906871795654296875,-1,2.753734588623046875e-05,3.21865081787109375e-05],"structure_type":"Wall2Tall"},{"main_cframe":[-29,19.5,98.79998779296875,3.21865081787109375e-05,0.9876906871795654296875,0.1564198434352874755859375,-2.753734588623046875e-05,0.156419813632965087890625,-0.9876906871795654296875,-1,2.753734588623046875e-05,3.21865081787109375e-05],"structure_type":"Wall2Tall"},{"main_cframe":[-24.5,16.40000152587890625,98.79998779296875,6.425380706787109375e-05,-0.1563866436481475830078125,0.987695991992950439453125,5.058944225311279296875e-06,0.9876959323883056640625,0.1563866436481475830078125,-1.00000011920928955078125,-5.058944225311279296875e-06,6.425380706787109375e-05],"structure_type":"Wall2Tall"},{"main_cframe":[-28.90000152587890625,3.300006866455078125,98.79998779296875,-1.0013580322265625e-05,-0.95107114315032958984375,0.308971881866455078125,-7.3015689849853515625e-06,0.308971881866455078125,0.95107114315032958984375,-1,7.3015689849853515625e-06,-1.0013580322265625e-05],"structure_type":"Wall2Tall"},{"main_cframe":[-23.5,16.700000762939453125,98.79998779296875,2.6702880859375e-05,-0.4540424346923828125,0.8909800052642822265625,6.42240047454833984375e-06,0.890980064868927001953125,0.4540424346923828125,-1,-6.42240047454833984375e-06,2.6702880859375e-05],"structure_type":"Wall2Tall"},{"main_cframe":[-23.5,16.700000762939453125,98.79998779296875,2.6702880859375e-05,-0.4540424346923828125,0.8909800052642822265625,6.42240047454833984375e-06,0.890980064868927001953125,0.4540424346923828125,-1,-6.42240047454833984375e-06,2.6702880859375e-05],"structure_type":"Wall2Tall"},{"main_cframe":[-22.600006103515625,17.299999237060546875,98.79998779296875,1.108646392822265625e-05,-0.6691167354583740234375,0.74315726757049560546875,4.2617321014404296875e-06,0.74315726757049560546875,0.6691167354583740234375,-1,-4.2617321014404296875e-06,1.108646392822265625e-05],"structure_type":"Wall2Tall"},{"main_cframe":[-21.899993896484375,18.100006103515625,98.79998779296875,1.943111419677734375e-05,-0.83864843845367431640625,0.544673025608062744140625,1.05202198028564453125e-05,0.54467308521270751953125,0.83864843845367431640625,-0.999999940395355224609375,-1.05202198028564453125e-05,1.943111419677734375e-05],"structure_type":"Wall2Tall"},{"main_cframe":[-21.40000152587890625,19.100006103515625,98.79998779296875,2.2411346435546875e-05,-0.965912342071533203125,0.2588694095611572265625,1.71959400177001953125e-05,0.2588694095611572265625,0.965912342071533203125,-1,-1.71959400177001953125e-05,2.2411346435546875e-05],"structure_type":"Wall2Tall"},{"main_cframe":[-24.5,16.40000152587890625,98.79998779296875,6.425380706787109375e-05,-0.1563866436481475830078125,0.987695991992950439453125,5.058944225311279296875e-06,0.9876959323883056640625,0.1563866436481475830078125,-1.00000011920928955078125,-5.058944225311279296875e-06,6.425380706787109375e-05],"structure_type":"Wall2Tall"},{"main_cframe":[-29.3000030517578125,2.3999996185302734375,98.79998779296875,1.943111419677734375e-05,-0.83864843845367431640625,0.544673025608062744140625,1.05202198028564453125e-05,0.54467308521270751953125,0.83864843845367431640625,-0.999999940395355224609375,-1.05202198028564453125e-05,1.943111419677734375e-05],"structure_type":"Wall2Tall"},{"main_cframe":[-28.6999969482421875,4.200000762939453125,98.79998779296875,-9.5367431640625e-06,-0.9986269474029541015625,0.0523885786533355712890625,-8.8512897491455078125e-06,0.052388370037078857421875,0.9986269474029541015625,-1.0000002384185791015625,8.8512897491455078125e-06,-9.5367431640625e-06],"structure_type":"Wall2Tall"},{"main_cframe":[-29.899993896484375,1.600006103515625,98.79998779296875,1.108646392822265625e-05,-0.6691167354583740234375,0.74315726757049560546875,4.2617321014404296875e-06,0.74315726757049560546875,0.6691167354583740234375,-1,-4.2617321014404296875e-06,1.108646392822265625e-05],"structure_type":"Wall2Tall"},{"main_cframe":[-32,0.6000003814697265625,98.79998779296875,-0.00821077823638916015625,-0.156264364719390869140625,0.987681090831756591796875,-0.00064550340175628662109375,0.987715065479278564453125,0.156264364719390869140625,-0.999966084957122802734375,0.00064550340175628662109375,-0.00821077823638916015625],"structure_type":"Wall2Tall"},{"main_cframe":[-28.6999969482421875,5.200000762939453125,98.79998779296875,3.230571746826171875e-05,-0.987690627574920654296875,-0.1564197838306427001953125,-2.7596950531005859375e-05,-0.1564197540283203125,0.987690627574920654296875,-1,-2.7596950531005859375e-05,-3.230571746826171875e-05],"structure_type":"Wall2Tall"},{"main_cframe":[-30.800018310546875,0.99999237060546875,98.79998779296875,2.6702880859375e-05,-0.4540424346923828125,0.8909800052642822265625,6.42240047454833984375e-06,0.890980064868927001953125,0.4540424346923828125,-1,-6.42240047454833984375e-06,2.6702880859375e-05],"structure_type":"Wall2Tall"},{"main_cframe":[-32,0.6000003814697265625,98.79998779296875,-0.00821077823638916015625,-0.156264364719390869140625,0.987681090831756591796875,-0.00064550340175628662109375,0.987715065479278564453125,0.156264364719390869140625,-0.999966084957122802734375,0.00064550340175628662109375,-0.00821077823638916015625],"structure_type":"Wall2Tall"},{"main_cframe":[-38.800018310546875,1.0999927520751953125,98.79998779296875,2.6702880859375e-05,-0.4540424346923828125,0.8909800052642822265625,6.42240047454833984375e-06,0.890980064868927001953125,0.4540424346923828125,-1,-6.42240047454833984375e-06,2.6702880859375e-05],"structure_type":"Wall2Tall"},{"main_cframe":[-28.6999969482421875,5.200000762939453125,98.79998779296875,3.230571746826171875e-05,-0.987690627574920654296875,-0.1564197838306427001953125,-2.7596950531005859375e-05,-0.1564197540283203125,0.987690627574920654296875,-1,-2.7596950531005859375e-05,-3.230571746826171875e-05],"structure_type":"Wall2Tall"},{"main_cframe":[-29.09999847412109375,6.0999927520751953125,98.79998779296875,-1.811981201171875e-05,-0.913556039333343505859375,-0.40671288967132568359375,1.16825103759765625e-05,-0.406713008880615234375,0.913556039333343505859375,-1,1.16825103759765625e-05,1.800060272216796875e-05],"structure_type":"Wall2Tall"},{"main_cframe":[-40,0.700000762939453125,98.79998779296875,-0.00821077823638916015625,-0.156264364719390869140625,0.987681090831756591796875,-0.00064550340175628662109375,0.987715065479278564453125,0.156264364719390869140625,-0.999966084957122802734375,0.00064550340175628662109375,-0.00821077823638916015625],"structure_type":"Wall2Tall"},{"main_cframe":[-29.09999847412109375,6.0999927520751953125,98.79998779296875,-1.811981201171875e-05,-0.913556039333343505859375,-0.40671288967132568359375,1.16825103759765625e-05,-0.406713008880615234375,0.913556039333343505859375,-1,1.16825103759765625e-05,1.800060272216796875e-05],"structure_type":"Wall2Tall"},{"main_cframe":[-29.5999908447265625,6.9999942779541015625,98.79998779296875,-6.4373016357421875e-05,-0.743183612823486328125,-0.66908752918243408203125,2.86996364593505859375e-05,-0.66908740997314453125,0.743183612823486328125,-1,2.86996364593505859375e-05,6.449222564697265625e-05],"structure_type":"Wall2Tall"},{"main_cframe":[-30.4000091552734375,7.70000457763671875,98.79998779296875,4.1067600250244140625e-05,-0.544636547565460205078125,-0.838672161102294921875,-1.21593475341796875e-05,-0.838672161102294921875,0.544636547565460205078125,-1,-1.21593475341796875e-05,-4.100799560546875e-05],"structure_type":"Wall2Tall"},{"main_cframe":[-31.5,8.200000762939453125,98.79998779296875,-1.2874603271484375e-05,-0.2587702572345733642578125,-0.965939044952392578125,1.6689300537109375e-06,-0.96593916416168212890625,0.2587702572345733642578125,-1.00000011920928955078125,1.6689300537109375e-06,1.2576580047607421875e-05],"structure_type":"Wall2Tall"},{"main_cframe":[-32.5,8.40000152587890625,98.79998779296875,0,0,-1,0,-1,0,-1,0,0],"structure_type":"Wall2Tall"},{"main_cframe":[-36.6999969482421875,4.300014495849609375,98.79998779296875,-9.5367431640625e-06,-0.9986269474029541015625,0.0523885786533355712890625,-8.8512897491455078125e-06,0.052388370037078857421875,0.9986269474029541015625,-1.0000002384185791015625,8.8512897491455078125e-06,-9.5367431640625e-06],"structure_type":"Wall2Tall"},{"main_cframe":[-36.90000152587890625,3.4000072479248046875,98.79998779296875,-1.0013580322265625e-05,-0.95107114315032958984375,0.308971881866455078125,-7.3015689849853515625e-06,0.308971881866455078125,0.95107114315032958984375,-1,7.3015689849853515625e-06,-1.0013580322265625e-05],"structure_type":"Wall2Tall"},{"main_cframe":[-37.30001068115234375,2.4999866485595703125,98.79998779296875,1.943111419677734375e-05,-0.83864843845367431640625,0.544673025608062744140625,1.05202198028564453125e-05,0.54467308521270751953125,0.83864843845367431640625,-0.999999940395355224609375,-1.05202198028564453125e-05,1.943111419677734375e-05],"structure_type":"Wall2Tall"},{"main_cframe":[-37.899993896484375,1.7000064849853515625,98.79998779296875,1.108646392822265625e-05,-0.6691167354583740234375,0.74315726757049560546875,4.2617321014404296875e-06,0.74315726757049560546875,0.6691167354583740234375,-1,-4.2617321014404296875e-06,1.108646392822265625e-05],"structure_type":"Wall2Tall"},{"main_cframe":[-40,0.700000762939453125,98.79998779296875,-0.00821077823638916015625,-0.156264364719390869140625,0.987681090831756591796875,-0.00064550340175628662109375,0.987715065479278564453125,0.156264364719390869140625,-0.999966084957122802734375,0.00064550340175628662109375,-0.00821077823638916015625],"structure_type":"Wall2Tall"},{"main_cframe":[-36.6999969482421875,5.200016021728515625,98.79998779296875,3.230571746826171875e-05,-0.987690627574920654296875,-0.1564197838306427001953125,-2.7596950531005859375e-05,-0.1564197540283203125,0.987690627574920654296875,-1,-2.7596950531005859375e-05,-3.230571746826171875e-05],"structure_type":"Wall2Tall"},{"main_cframe":[-37.100006103515625,6.200000762939453125,98.79998779296875,-1.811981201171875e-05,-0.913556039333343505859375,-0.40671288967132568359375,1.16825103759765625e-05,-0.406713008880615234375,0.913556039333343505859375,-1,1.16825103759765625e-05,1.800060272216796875e-05],"structure_type":"Wall2Tall"},{"main_cframe":[-36.6999969482421875,5.200016021728515625,98.79998779296875,3.230571746826171875e-05,-0.987690627574920654296875,-0.1564197838306427001953125,-2.7596950531005859375e-05,-0.1564197540283203125,0.987690627574920654296875,-1,-2.7596950531005859375e-05,-3.230571746826171875e-05],"structure_type":"Wall2Tall"},{"main_cframe":[-45.100006103515625,6.200000762939453125,98.79998779296875,-1.811981201171875e-05,-0.913556039333343505859375,-0.40671288967132568359375,1.16825103759765625e-05,-0.406713008880615234375,0.913556039333343505859375,-1,1.16825103759765625e-05,1.800060272216796875e-05],"structure_type":"Wall2Tall"},{"main_cframe":[-37.100006103515625,6.200000762939453125,98.79998779296875,-1.811981201171875e-05,-0.913556039333343505859375,-0.40671288967132568359375,1.16825103759765625e-05,-0.406713008880615234375,0.913556039333343505859375,-1,1.16825103759765625e-05,1.800060272216796875e-05],"structure_type":"Wall2Tall"},{"main_cframe":[-39.5,8.299999237060546875,98.79998779296875,-1.2874603271484375e-05,-0.2587702572345733642578125,-0.965939044952392578125,1.6689300537109375e-06,-0.96593916416168212890625,0.2587702572345733642578125,-1.00000011920928955078125,1.6689300537109375e-06,1.2576580047607421875e-05],"structure_type":"Wall2Tall"},{"main_cframe":[-37.600006103515625,7.1000003814697265625,98.79998779296875,-6.4373016357421875e-05,-0.743183612823486328125,-0.66908752918243408203125,2.86996364593505859375e-05,-0.66908740997314453125,0.743183612823486328125,-1,2.86996364593505859375e-05,6.449222564697265625e-05],"structure_type":"Wall2Tall"},{"main_cframe":[-38.4000091552734375,7.8000030517578125,98.79998779296875,4.1067600250244140625e-05,-0.544636547565460205078125,-0.838672161102294921875,-1.21593475341796875e-05,-0.838672161102294921875,0.544636547565460205078125,-1,-1.21593475341796875e-05,-4.100799560546875e-05],"structure_type":"Wall2Tall"},{"main_cframe":[-40.5,8.40000152587890625,98.79998779296875,0,0,-1,0,-1,0,-1,0,0],"structure_type":"Wall2Tall"},{"main_cframe":[-45.30001068115234375,2.4999866485595703125,98.79998779296875,1.943111419677734375e-05,-0.83864843845367431640625,0.544673025608062744140625,1.05202198028564453125e-05,0.54467308521270751953125,0.83864843845367431640625,-0.999999940395355224609375,-1.05202198028564453125e-05,1.943111419677734375e-05],"structure_type":"Wall2Tall"},{"main_cframe":[-44.6999969482421875,4.200016021728515625,98.79998779296875,-9.5367431640625e-06,-0.9986269474029541015625,0.0523885786533355712890625,-8.8512897491455078125e-06,0.052388370037078857421875,0.9986269474029541015625,-1.0000002384185791015625,8.8512897491455078125e-06,-9.5367431640625e-06],"structure_type":"Wall2Tall"},{"main_cframe":[-44.90000152587890625,3.300006866455078125,98.79998779296875,-1.0013580322265625e-05,-0.95107114315032958984375,0.308971881866455078125,-7.3015689849853515625e-06,0.308971881866455078125,0.95107114315032958984375,-1,7.3015689849853515625e-06,-1.0013580322265625e-05],"structure_type":"Wall2Tall"},{"main_cframe":[-45.899993896484375,1.7000064849853515625,98.79998779296875,1.108646392822265625e-05,-0.6691167354583740234375,0.74315726757049560546875,4.2617321014404296875e-06,0.74315726757049560546875,0.6691167354583740234375,-1,-4.2617321014404296875e-06,1.108646392822265625e-05],"structur