[{"main_cframe":[10.43902587890625,43.257354736328125,-26.335693359375,-0.308971881866455078125,-7.3015689849853515625e-06,0.95107114315032958984375,0.95107114315032958984375,-1.0013580322265625e-05,0.308971881866455078125,7.3015689849853515625e-06,1,1.0013580322265625e-05],"structure_type":"Floor1Tiny"},{"main_cframe":[12.13189697265625,29.919281005859375,-23.36846923828125,-0.92388021945953369140625,-0.1913452446460723876953125,-0.3314107954502105712890625,1.7426908016204833984375e-05,-0.8660409450531005859375,0.4999737441539764404296875,-0.3826827704906463623046875,0.4619098603725433349609375,0.80012071132659912109375],"structure_type":"Wall2Tall"},{"main_cframe":[-7.79022216796875,43.9630126953125,-27.8214111328125,-0.249998569488525390625,0.1816288530826568603515625,0.951058447360992431640625,0.76944983005523681640625,-0.55898058414459228515625,0.309011757373809814453125,0.587748348712921142578125,0.809044063091278076171875,-1.02519989013671875e-05],"structure_type":"Floor1Tiny"},{"main_cframe":[-19.2740478515625,70.54046630859375,-1.2381591796875,-0.13114202022552490234375,0.258824408054351806640625,-0.956980526447296142578125,0.03513960540294647216796875,0.96592438220977783203125,0.2564279139041900634765625,0.990740597248077392578125,5.36441802978515625e-07,-0.1357681751251220703125],"structure_type":"Wall2Tall"},{"main_cframe":[4.6734619140625,23.164886474609375,26.07623291015625,-0.991442203521728515625,0.065254785120487213134765625,-0.1130678951740264892578125,-2.4549663066864013671875e-05,0.86601507663726806640625,0.5000178813934326171875,0.13054706156253814697265625,0.4957415759563446044921875,-0.85860240459442138671875],"structure_type":"Wall2Tall"},{"main_cframe":[1.04205322265625,37.701690673828125,-42.81817626953125,-0.28796100616455078125,-0.0508022010326385498046875,-0.95629370212554931640625,0.94699275493621826171875,-0.16361510753631591796875,-0.2764683663845062255859375,-0.14241886138916015625,-0.98521530628204345703125,0.0952241420745849609375],"structure_type":"Post"},{"main_cframe":[-7.20465087890625,45.40179443359375,-28.3209228515625,-0.55898058414459228515625,0.76944983005523681640625,0.309011757373809814453125,0.1816288530826568603515625,-0.249998569488525390625,0.951058447360992431640625,0.809044063091278076171875,0.587748348712921142578125,-1.02519989013671875e-05],"structure_type":"Floor1Tiny"},{"main_cframe":[-2.082611083984375,29.919525146484375,-25.239776611328125,-0.991442203521728515625,0.065254785120487213134765625,0.1130678951740264892578125,2.4549663066864013671875e-05,-0.8660151958465576171875,0.5000178813934326171875,0.13054706156253814697265625,0.4957415759563446044921875,0.858602225780487060546875],"structure_type":"Wall2Tall"},{"main_cframe":[3.81878662109375,96.8600616455078125,0.81903076171875,-0.136100292205810546875,0.95627200603485107421875,0.25888335704803466796875,0.03647530078887939453125,-0.25630092620849609375,0.965908586978912353515625,0.9900233745574951171875,0.140903294086456298828125,2.324581146240234375e-06],"structure_type":"Wall2Tall"},{"main_cframe":[17.7686767578125,93.1222076416015625,-8.9774169921875,-0.93883001804351806640625,-0.2271575927734375,0.2588392794132232666015625,0.2515717446804046630859375,0.06090509891510009765625,0.96592044830322265625,-0.235180795192718505859375,0.9719517230987548828125,-3.31401824951171875e-05],"structure_type":"Wall2Tall"},{"main_cframe":[16.403472900390625,37.516204833984375,-23.537200927734375,-0.86603677272796630859375,-0.129427611827850341796875,-0.4829378426074981689453125,2.9914081096649169921875e-05,-0.9659268856048583984375,0.258815288543701171875,-0.4999804794788360595703125,0.22412909567356109619140625,0.836531937122344970703125],"structure_type":"Wall2Tall"},{"main_cframe":[29.0189208984375,45.3832244873046875,-9.164794921875,-0.3826873302459716796875,0,-0.9238779544830322265625,0,-1,0,-0.9238779544830322265625,0,0.382687270641326904296875],"structure_type":"Wall2Tall"},{"main_cframe":[-8.3131103515625,13.6281585693359375,-3.4635009765625,-0.4999859333038330078125,0.836520254611968994140625,0.22416102886199951171875,4.398822784423828125e-05,-0.25881195068359375,0.965927779674530029296875,0.86603367328643798828125,0.482960045337677001953125,0.129365444183349609375],"structure_type":"Wall2Tall"},{"main_cframe":[12.1387939453125,46.603302001953125,-25.4951171875,-0.90449440479278564453125,-0.2939113676548004150390625,-0.3090405166149139404296875,-0.2939113676548004150390625,-0.09550988674163818359375,0.951048910617828369140625,-0.3090405166149139404296875,0.951048910617828369140625,4.291534423828125e-06],"structure_type":"Floor1Tiny"},{"main_cframe":[-6.5615234375,45.19281005859375,-27.82159423828125,-0.7694034576416015625,0.559031784534454345703125,0.3090345859527587890625,0.249995172023773193359375,-0.1816723346710205078125,0.951050937175750732421875,0.58781063556671142578125,0.808998763561248779296875,2.3782253265380859375e-05],"structure_type":"Floor1Tiny"},{"main_cframe":[33.53759765625,72.95404052734375,17.00244140625,0.511902987957000732421875,0.25881326198577880859375,0.819128334522247314453125,-0.1371648609638214111328125,0.9659273624420166015625,-0.21947689354419708251953125,-0.848022043704986572265625,-4.708766937255859375e-06,0.52996122837066650390625],"structure_type":"Wall2Tall"},{"main_cframe":[-25.95416259765625,52.9847412109375,-1.3978271484375,-0.130495548248291015625,-0.2566241919994354248046875,0.957661211490631103515625,-2.0086765289306640625e-05,-0.9659202098846435546875,-0.258840084075927734375,0.991448938846588134765625,-0.0337966978549957275390625,0.126043021678924560546875],"structure_type":"Wall2Tall"},{"main_cframe":[0.07861328125,42.3022003173828125,-31.782684326171875,0.436791837215423583984375,-3.337860107421875e-06,0.8995625972747802734375,-0.876514256000518798828125,-0.22491705417633056640625,0.4255996644496917724609375,0.2023255825042724609375,-0.9743778705596923828125,-0.0982449054718017578125],"structure_type":"Post"},{"main_cframe":[-0.7615966796875,11.6007080078125,-0.769287109375,-0.79336452484130859375,0.6087467670440673828125,-2.36928462982177734375e-05,2.36928462982177734375e-05,6.9797039031982421875e-05,1,0.6087467670440673828125,0.79336452484130859375,-6.98566436767578125e-05],"structure_type":"Wall2Tall"},{"main_cframe":[29.25433349609375,45.4514007568359375,13.70361328125,-0.38267743587493896484375,-0.239131391048431396484375,-0.892398059368133544921875,3.4831464290618896484375e-05,0.9659183025360107421875,-0.258847177028656005859375,0.923882067203521728515625,-0.09908606112003326416015625,-0.36962687969207763671875],"structure_type":"Wall2Tall"},{"main_cframe":[7.0975341796875,44.965240478515625,-26.37646484375,0.90453207492828369140625,0.293853342533111572265625,-0.308985292911529541015625,0.293853342533111572265625,0.09550988674163818359375,0.951066792011260986328125,0.308985292911529541015625,-0.951066792011260986328125,4.1961669921875e-05],"structure_type":"Floor1Tiny"},{"main_cframe":[11.5321044921875,45.784271240234375,-27.82098388671875,-0.8089888095855712890625,0.5878241062164306640625,-1.4007091522216796875e-06,1.4007091522216796875e-06,4.291534423828125e-06,1,0.5878241062164306640625,0.8089888095855712890625,-4.41074371337890625e-06],"structure_type":"Floor1Tiny"},{"main_cframe":[1.76971435546875,38.357086181640625,-38.82684326171875,-0.628745555877685546875,-0.1336794197559356689453125,-0.766034901142120361328125,0.77616846561431884765625,-0.167873859405517578125,-0.607767522335052490234375,-0.047351062297821044921875,-0.976702988147735595703125,0.20930731296539306640625],"structure_type":"Post"},{"main_cframe":[9.668701171875,53.98504638671875,29.4263916015625,0.95268166065216064453125,0.159419238567352294921875,-0.25881111621856689453125,-0.2552618682384490966796875,-0.04271495342254638671875,-0.965928018093109130859375,-0.16504259407520294189453125,0.986286461353302001953125,-1.1920928955078125e-07],"structure_type":"Wall2Tall"},{"main_cframe":[12.27496337890625,45.784271240234375,-26.335693359375,-1,0,0,0,0,1,0,1,0],"structure_type":"Floor1Tiny"},{"main_cframe":[11.76751708984375,47.345947265625,-26.335693359375,-0.8089888095855712890625,1.4007091522216796875e-06,-0.5878241062164306640625,-0.5878241062164306640625,-4.41074371337890625e-06,0.8089888095855712890625,-1.4007091522216796875e-06,1,4.291534423828125e-06],"structure_type":"Floor1Tiny"},{"main_cframe":[5.154083251953125,72.27716827392578125,-24.628326416015625,-0.95556914806365966796875,0.2588120400905609130859375,-0.1410817801952362060546875,0.2560421526432037353515625,0.96592772006988525390625,0.0377635695040225982666015625,0.1460484564304351806640625,-3.71821224689483642578125e-05,-0.9892776012420654296875],"structure_type":"Wall2Tall"},{"main_cframe":[9.9744873046875,45.525238037109375,-28.586181640625,-0.249998569488525390625,0.76944983005523681640625,0.587748348712921142578125,0.1816288530826568603515625,-0.55898058414459228515625,0.809044063091278076171875,0.951058447360992431640625,0.309011757373809814453125,-1.02519989013671875e-05],"structure_type":"Floor1Tiny"},{"main_cframe":[-12.89788818359375,85.3963775634765625,14.06201171875,0.408230364322662353515625,0.2588555514812469482421875,-0.87540948390960693359375,-0.109410338103771209716796875,0.96591603755950927734375,0.23459662497043609619140625,0.90629875659942626953125,9.37283039093017578125e-06,0.422637760639190673828125],"structure_type":"Wall2Tall"},{"main_cframe":[-7.68353271484375,58.6345672607421875,26.25921630859375,0.84072554111480712890625,-0.475590229034423828125,-0.258832871913909912109375,-0.22526769340038299560546875,0.127471268177032470703125,-0.9659221172332763671875,0.49237692356109619140625,0.8703820705413818359375,3.3199787139892578125e-05],"structure_type":"Wall2Tall"},{"main_cframe":[-2.3837890625,45.4514007568359375,31.96978759765625,-0.99144899845123291015625,0.0337981842458248138427734375,0.12604476511478424072265625,2.03065574169158935546875e-05,0.96591866016387939453125,-0.2588458955287933349609375,-0.13049750030040740966796875,-0.2566298544406890869140625,-0.95765972137451171875],"structure_type":"Wall2Tall"},{"main_cframe":[2.4398193359375,40.289703369140625,-35.327484130859375,-0.9907515048980712890625,-0.05192519724369049072265625,0.125360965728759765625,-0.10591529309749603271484375,-0.28154289722442626953125,-0.953685224056243896484375,0.084814779460430145263671875,-0.958142697811126708984375,0.273439347743988037109375],"structure_type":"Post"},{"main_cframe":[5.1859130859375,29.98248291015625,29.968505859375,-0.99144899845123291015625,0.0337981842458248138427734375,-0.12604476511478424072265625,2.03065574169158935546875e-05,0.96591866016387939453125,0.2588458955287933349609375,0.13049750030040740966796875,0.2566298544406890869140625,-0.95765972137451171875],"structure_type":"Wall2Tall"},{"main_cframe":[-15.2950439453125,59.802581787109375,-14.6070556640625,-0.7071225643157958984375,-0.35355985164642333984375,0.61235058307647705078125,2.716481685638427734375e-05,-0.866027355194091796875,-0.499996721744537353515625,0.7070910930633544921875,-0.353542268276214599609375,0.6123969554901123046875],"structure_type":"Wall2Tall"},{"main_cframe":[13.069549560546875,86.72066497802734375,-24.922149658203125,-0.96592366695404052734375,0.25880515575408935546875,-0.0033670053817331790924072265625,0.258803665637969970703125,0.965929567813873291015625,0.000878583465237170457839965820313,0.0034796721301972866058349609375,-2.27487762458622455596923828125e-05,-0.99999392032623291015625],"structure_type":"Wall2Tall"},{"main_cframe":[-9.9072265625,46.892425537109375,-27.850189208984375,0.475485146045684814453125,0.654550492763519287109375,0.58777332305908203125,-0.345530569553375244140625,-0.4754850864410400390625,0.80902564525604248046875,0.80902564525604248046875,-0.58777332305908203125,8.106231689453125e-05],"structure_type":"Floor1Tiny"},{"main_cframe":[35.2191162109375,64.2212677001953125,-1.42864990234375,-0.13776051998138427734375,0.25882732868194580078125,0.956049442291259765625,0.03692792356014251708984375,0.965923607349395751953125,-0.25617945194244384765625,-0.98977696895599365234375,1.351535320281982421875e-05,-0.1426241397857666015625],"structure_type":"Wall2Tall"},{"main_cframe":[41.1961669921875,86.8448333740234375,8.93170166015625,0.225538313388824462890625,-0.9392187595367431640625,0.258844912052154541015625,-0.0604323446750640869140625,0.25169146060943603515625,0.965918958187103271484375,-0.972358167171478271484375,-0.233494341373443603515625,6.9141387939453125e-06],"structure_type":"Wall2Tall"},{"main_cframe":[15.52618408203125,29.9822845458984375,26.45770263671875,-0.86603677272796630859375,0.129427611827850341796875,-0.4829378426074981689453125,2.9914081096649169921875e-05,0.965926826000213623046875,0.258815288543701171875,0.4999804794788360595703125,0.22412909567356109619140625,-0.83653199672698974609375],"structure_type":"Wall2Tall"},{"main_cframe":[-6.399688720703125,27.108123779296875,-23.658905029296875,0.591379106044769287109375,0.730283915996551513671875,0.341988623142242431640625,-0.795290768146514892578125,0.4580557346343994140625,0.397111475467681884765625,0.13335426151752471923828125,-0.506823837757110595703125,0.851672589778900146484375],"structure_type":"Wall2ShortThin"},{"main_cframe":[-2.56719970703125,11.6098480224609375,2.2205810546875,2.2411346435546875e-05,-0.965912342071533203125,0.2588694095611572265625,1.71959400177001953125e-05,0.2588694095611572265625,0.965912342071533203125,-1,-1.71959400177001953125e-05,2.2411346435546875e-05],"structure_type":"Wall2Tall"},{"main_cframe":[29.01904296875,52.985015869140625,-1.39825439453125,-0.130495548248291015625,0.2566241919994354248046875,-0.957661211490631103515625,2.0086765289306640625e-05,-0.9659202098846435546875,-0.258840084075927734375,-0.991448938846588134765625,-0.0337966978549957275390625,0.126043021678924560546875],"structure_type":"Wall2Tall"},{"main_cframe":[12.1448974609375,46.60528564453125,-26.335693359375,-0.9510514736175537109375,-5.31971454620361328125e-06,-0.30903279781341552734375,-0.30903279781341552734375,3.349781036376953125e-05,0.951051414012908935546875,5.31971454620361328125e-06,1,-3.36170196533203125e-05],"structure_type":"Floor1Tiny"},{"main_cframe":[-18.3892822265625,70.303375244140625,10.40130615234375,0.27915918827056884765625,0.2588245868682861328125,-0.92470550537109375,-0.074818290770053863525390625,0.96592438220977783203125,0.2477748692035675048828125,0.95732581615447998046875,1.6205012798309326171875e-05,0.289011478424072265625],"structure_type":"Wall2Tall"},{"main_cframe":[9.80303955078125,13.6549835205078125,10.49102783203125,-0.70708739757537841796875,0.612379550933837890625,-0.3535797595977783203125,-4.5955181121826171875e-05,0.49998378753662109375,0.8660347461700439453125,0.707126140594482421875,0.61237847805023193359375,-0.35350406169891357421875],"structure_type":"Wall2Tall"},{"main_cframe":[1.671142578125,37.8956756591796875,-42.789398193359375,-0.8236134052276611328125,-0.2676208019256591796875,-0.50003993511199951171875,0.550258815288543701171875,-0.16348040103912353515625,-0.81883418560028076171875,0.137390315532684326171875,-0.9495542049407958984375,0.2819054126739501953125],"structure_type":"Post"},{"main_cframe":[-13.8321533203125,60.2821044921875,-16.3272705078125,-0.6648693084716796875,-0.70068418979644775390625,-0.258824765682220458984375,0.1782053411006927490234375,0.187704861164093017578125,-0.96592426300048828125,0.72539055347442626953125,-0.68833744525909423828125,6.65187835693359375e-05],"structure_type":"Wall2Tall"},{"main_cframe":[22.486541748046875,91.85807037353515625,-24.114837646484375,-0.9296512603759765625,-0.2621995508670806884765625,0.2588433325290679931640625,0.24913783371448516845703125,0.0702154636383056640625,0.965919315814971923828125,-0.2714384496212005615234375,0.962455809116363525390625,4.7862529754638671875e-05],"structure_type":"Wall2Tall"},{"main_cframe":[-5.8551025390625,44.9632568359375,-26.335693359375,-0.9510514736175537109375,5.31971454620361328125e-06,0.30903279781341552734375,0.30903279781341552734375,3.349781036376953125e-05,0.951051414012908935546875,-5.31971454620361328125e-06,1,-3.36170196533203125e-05],"structure_type":"Floor1Tiny"},{"main_cframe":[-8.123046875,46.141021728515625,-28.586181640625,-0.18167221546173095703125,0.559031665325164794921875,-0.808998584747314453125,-0.24999511241912841796875,0.769403159618377685546875,0.587810516357421875,0.95105075836181640625,0.3090345859527587890625,-2.396106719970703125e-05],"structure_type":"Floor1Tiny"},{"main_cframe":[2.06787109375,11.6095733642578125,6.284912109375,-0.9914500713348388671875,0.1260359287261962890625,-0.0337961949408054351806640625,-2.0585954189300537109375e-05,0.25884640216827392578125,0.96591866016387939453125,0.130488455295562744140625,0.95766055583953857421875,-0.25663089752197265625],"structure_type":"Wall2Tall"},{"main_cframe":[9.7542724609375,45.364898681640625,-28.586669921875,-0.09550988674163818359375,0.2939113676548004150390625,0.951048910617828369140625,0.2939113676548004150390625,-0.90449440479278564453125,0.3090405166149139404296875,0.951048910617828369140625,0.3090405166149139404296875,4.291534423828125e-06],"structure_type":"Floor1Tiny"},{"main_cframe":[7.09136962890625,44.9632568359375,-25.535919189453125,0.951051414012908935546875,5.31971454620361328125e-06,-0.30903279781341552734375,0.30903279781341552734375,-3.36170196533203125e-05,0.951051414012908935546875,-5.31971454620361328125e-06,-1,-3.36170196533203125e-05],"structure_type":"Floor1Tiny"},{"main_cframe":[2.46771240234375,41.126983642578125,-27.54937744140625,-0.9751565456390380859375,-1.7128884792327880859375e-05,-0.22151739895343780517578125,0.21815502643585205078125,-0.1736462116241455078125,-0.960341274738311767578125,-0.03844918310642242431640625,-0.984808146953582763671875,0.169335842132568359375],"structure_type":"Post"},{"main_cframe":[8.41650390625,45.784271240234375,-28.3389892578125,0.308971881866455078125,0.95107114315032958984375,-7.3015689849853515625e-06,-7.3015689849853515625e-06,1.0013580322265625e-05,1,0.95107114315032958984375,-0.308971881866455078125,1.0013580322265625e-05],"structure_type":"Floor1Tiny"},{"main_cframe":[15.41265869140625,52.44598388671875,27.72100830078125,0.8924007415771484375,0.3696572780609130859375,-0.2587942183017730712890625,-0.239065825939178466796875,-0.09910595417022705078125,-0.965932428836822509765625,-0.3827120363712310791015625,0.923867642879486083984375,-6.973743438720703125e-05],"structure_type":"Wall2Tall"},{"main_cframe":[-11.0390625,45.784271240234375,-25.5357666015625,1,0,0,0,0,1,0,-1,0],"structure_type":"Floor1Tiny"},{"main_cframe":[33.08734130859375,64.7924652099609375,-8.92718505859375,-0.402073383331298828125,0.258838236331939697265625,0.87825953960418701171875,0.10773737728595733642578125,0.9659206867218017578125,-0.2353505790233612060546875,-0.90924680233001708984375,-6.8247318267822265625e-06,-0.4162576198577880859375],"structure_type":"Wall2Tall"},{"main_cframe":[8.49224853515625,17.55399322509765625,-14.581787109375,-0.92386519908905029296875,-0.3314329087734222412109375,-0.19137816131114959716796875,-2.59578227996826171875e-05,-0.49999535083770751953125,0.86602818965911865234375,-0.382718384265899658203125,0.8000981807708740234375,0.461919486522674560546875],"structure_type":"Wall2Tall"},{"main_cframe":[-14.60577392578125,60.4893951416015625,20.4041748046875,0.6336801052093505859375,-0.729018390178680419921875,-0.25880801677703857421875,-0.169837772846221923828125,0.195286333560943603515625,-0.96592867374420166015625,0.75472152233123779296875,0.6560451984405517578125,-6.580352783203125e-05],"structure_type":"Wall2Tall"},{"main_cframe":[17.8848876953125,60.5837554931640625,-22.47479248046875,-0.8796613216400146484375,0.2588281929492950439453125,0.399003922939300537109375,0.23571585118770599365234375,0.965923368930816650390625,-0.106911487877368927001953125,-0.41307890415191650390625,5.654990673065185546875e-06,-0.9106953144073486328125],"structure_type":"Wall2Tall"},{"main_cframe":[-5.42724609375,17.55419158935546875,-14.581787109375,-0.9238946437835693359375,0.3313923180103302001953125,0.19130776822566986083984375,-1.80304050445556640625e-05,-0.49999558925628662109375,0.866028368473052978515625,0.382648050785064697265625,0.800115168094635009765625,0.46194851398468017578125],"structure_type":"Wall2Tall"},{"main_cframe":[9.66070556640625,87.634033203125,29.64306640625,0.95743405818939208984375,0.2588569223880767822265625,-0.12772269546985626220703125,-0.2565886676311492919921875,0.965915679931640625,0.034192867577075958251953125,0.13222040235996246337890625,3.47755849361419677734375e-05,0.99122035503387451171875],"structure_type":"Wall2Tall"},{"main_cframe":[-6.8328857421875,46.909423828125,-27.82147216796875,-0.65448606014251708984375,0.4755392372608184814453125,-0.587801516056060791015625,-0.4755392372608184814453125,0.345503985881805419921875,0.809005200862884521484375,0.587801516056060791015625,0.809005200862884521484375,9.953975677490234375e-06],"structure_type":"Floor1Tiny"},{"main_cframe":[-17.468994140625,61.77459716796875,-12.2025146484375,-0.517594814300537109375,0.2588155567646026611328125,-0.815542876720428466796875,0.13867397606372833251953125,0.96592676639556884765625,0.218529224395751953125,0.844313442707061767578125,1.5027821063995361328125e-05,-0.53584969043731689453125],"structure_type":"Wall2Tall"},{"main_cframe":[37.2896728515625,71.94866943359375,-1.42864990234375,-0.13776051998138427734375,0.25882732868194580078125,0.956049442291259765625,0.03692792356014251708984375,0.965923607349395751953125,-0.25617945194244384765625,-0.98977696895599365234375,1.351535320281982421875e-05,-0.1426241397857666015625],"structure_type":"Wall2Tall"},{"main_cframe":[29.2542724609375,53.048187255859375,5.87060546875,-0.13050925731658935546875,-0.4957085549831390380859375,-0.85862696170806884765625,-3.50773334503173828125e-05,0.86603641510009765625,-0.4999808967113494873046875,0.99144709110260009765625,-0.0652220547199249267578125,-0.11304318904876708984375],"structure_type":"Wall2Tall"},{"main_cframe":[-27.45947265625,37.584228515625,9.9888916015625,-0.25886440277099609375,0,0.965913712978363037109375,0,1,0,-0.965913712978363037109375,0,-0.25886440277099609375],"structure_type":"Wall2Tall"},{"main_cframe":[19.63861083984375,37.516204833984375,-21.3758544921875,-0.79333961009979248046875,-0.15756320953369140625,-0.588036000728607177734375,-1.9229948520660400390625e-05,-0.9659197330474853515625,0.258842408657073974609375,-0.608779489994049072265625,0.2053612172603607177734375,0.76629912853240966796875],"structure_type":"Wall2Tall"},{"main_cframe":[-17.2034912109375,78.2678375244140625,-1.2381591796875,-0.13114202022552490234375,0.258824408054351806640625,-0.956980526447296142578125,0.03513960540294647216796875,0.96592438220977783203125,0.2564279139041900634765625,0.990740597248077392578125,5.36441802978515625e-07,-0.1357681751251220703125],"structure_type":"Wall2Tall"},{"main_cframe":[16.408111572265625,45.383392333984375,-23.54498291015625,-0.86600744724273681640625,0,-0.500031411647796630859375,0,-1.0000002384185791015625,0,-0.500031411647796630859375,0,0.866007268428802490234375],"structure_type":"Wall2Tall"},{"main_cframe":[-16.7337646484375,45.451385498046875,26.0257568359375,-0.79333961009979248046875,0.15756320953369140625,0.588036000728607177734375,-1.9229948520660400390625e-05,0.965919554233551025390625,-0.258842408657073974609375,-0.608779489994049072265625,-0.2053612172603607177734375,-0.76629924774169921875],"structure_type":"Wall2Tall"},{"main_cframe":[27.526123046875,37.584228515625,17.22821044921875,-0.499959468841552734375,0,-0.8660488128662109375,0,1,0,0.8660488128662109375,0,-0.499959468841552734375],"structure_type":"Wall2Tall"},{"main_cframe":[-0.733428955078125,25.697784423828125,-24.317230224609375,0.629325926303863525390625,0.777141511440277099609375,-1.823902130126953125e-05,-0.704328238964080810546875,0.57037198543548583984375,0.42260801792144775390625,0.3284366130828857421875,-0.26594531536102294921875,0.90631258487701416015625],"structure_type":"Wall2ShortThin"},{"main_cframe":[31.06787109375,73.6157989501953125,-15.49749755859375,-0.6336915493011474609375,0.258824884891510009765625,0.72900259494781494140625,0.1698123514652252197265625,0.96592426300048828125,-0.19533072412014007568359375,-0.75471770763397216796875,1.420080661773681640625e-05,-0.6560497283935546875],"structure_type":"Wall2Tall"},{"main_cframe":[-9.35400390625,46.490478515625,-28.33905029296875,0.2499983310699462890625,0.769449710845947265625,0.587748229503631591796875,-0.1816287934780120849609375,-0.55898034572601318359375,0.80904388427734375,0.951058208942413330078125,-0.3090116977691650390625,1.0013580322265625e-05],"structure_type":"Floor1Tiny"},{"main_cframe":[-2.18316650390625,57.1607666015625,28.67626953125,0.92614972591400146484375,-0.274311482906341552734375,-0.25884330272674560546875,-0.2481892108917236328125,0.07349789142608642578125,-0.96591937541961669921875,0.283987224102020263671875,0.95882809162139892578125,-1.108646392822265625e-05],"structure_type":"Wall2Tall"},{"main_cframe":[4.87261962890625,28.3001708984375,-25.05767822265625,-0.2070770263671875,0.97443521022796630859375,-0.08714921772480010986328125,-0.89417970180511474609375,-0.1523711681365966796875,0.42098176479339599609375,0.3969404697418212890625,0.1651027202606201171875,0.902872860431671142578125],"structure_type":"Wall2ShortThin"},{"main_cframe":[3.0169677734375,13.62874603271484375,-9.0516357421875,-0.9914500713348388671875,-0.1260359287261962890625,-0.0337961949408054351806640625,-2.0585954189300537109375e-05,-0.258846759796142578125,0.96591866016387939453125,-0.130488455295562744140625,0.95766055583953857421875,0.2566306591033935546875],"structure_type":"Wall2Tall"},{"main_cframe":[-5.625885009765625,26.433258056640625,-23.654876708984375,0.868159592151641845703125,0.3596076667308807373046875,0.342025220394134521484375,-0.4803760945796966552734375,0.7819988727569580078125,0.3971354961395263671875,-0.12465035915374755859375,-0.509077727794647216796875,0.851646721363067626953125],"structure_type":"Wall2ShortThin"},{"main_cframe":[18.33465576171875,17.5540924072265625,-4.73919677734375,-0.382727146148681640625,-0.8000867366790771484375,-0.46193206310272216796875,3.59117984771728515625e-05,-0.50001430511474609375,0.86601722240447998046875,-0.92386150360107421875,0.3314316570758819580078125,0.19139766693115234375],"structure_type":"Wall2Tall"},{"main_cframe":[7.09698486328125,46.6033935546875,-26.37677001953125,0.90449440479278564453125,0.2939113676548004150390625,0.3090405166149139404296875,-0.2939113676548004150390625,-0.09550988674163818359375,0.951048910617828369140625,0.3090405166149139404296875,-0.951048910617828369140625,-4.291534423828125e-06],"structure_type":"Floor1Tiny"},{"main_cframe":[-3.27880859375,98.7618560791015625,7.7608642578125,0.2580921649932861328125,0.93081581592559814453125,0.25878620147705078125,-0.0691599547863006591796875,-0.24937355518341064453125,0.965934574604034423828125,0.963641643524169921875,-0.267197787761688232421875,1.3828277587890625e-05],"structure_type":"Wall2Tall"},{"main_cframe":[27.29010009765625,37.51617431640625,-12.650634765625,-0.50003719329833984375,-0.22413456439971923828125,-0.8364965915679931640625,-4.09781932830810546875e-07,-0.9659268856048583984375,0.2588149607181549072265625,-0.86600399017333984375,0.1294174492359161376953125,0.482999265193939208984375],"structure_type":"Wall2Tall"},{"main_cframe":[-4.615966796875,23.1107177734375,-20.7266845703125,-0.96592772006988525390625,0.1829852759838104248046875,0.18303000926971435546875,1.7814338207244873046875e-05,-0.707146167755126953125,0.707067310810089111328125,0.258811891078948974609375,0.682979166507720947265625,0.68304884433746337890625],"structure_type":"Wall2Tall"},{"main_cframe":[-0.76446533203125,39.4897918701171875,-35.102874755859375,0.926251232624053955078125,0.08105097711086273193359375,-0.3680888116359710693359375,0.3765108585357666015625,-0.24371969699859619140625,0.893778622150421142578125,-0.0172688961029052734375,-0.966453015804290771484375,-0.256262302398681640625],"structure_type":"Post"},{"main_cframe":[-2.3848876953125,37.584228515625,31.9786376953125,-0.99144852161407470703125,0,0.1304979622364044189453125,0,1,0,-0.1304979622364044189453125,0,-0.99144852161407470703125],"structure_type":"Wall2Tall"},{"main_cframe":[27.12872314453125,49.82464599609375,-12.36407470703125,-0.5232498645782470703125,0.258820831775665283203125,0.811924517154693603515625,0.14017666876316070556640625,0.96592533588409423828125,-0.217574656009674072265625,-0.840571343898773193359375,-3.302097320556640625e-05,-0.54170095920562744140625],"structure_type":"Wall2Tall"},{"main_cframe":[7.84075927734375,54.474853515625,-24.71636962890625,-0.9614808559417724609375,0.09255068004131317138671875,-0.2588226497173309326171875,0.2576367855072021484375,-0.02474772930145263671875,-0.96592485904693603515625,-0.095802269876003265380859375,-0.99540042877197265625,-5.0067901611328125e-05],"structure_type":"Wall2Tall"},{"main_cframe":[-6.09661865234375,45.041748046875,-27.137786865234375,-0.90449440479278564453125,0.2939113676548004150390625,0.3090405166149139404296875,0.2939113676548004150390625,-0.09550988674163818359375,0.951048910617828369140625,0.3090405166149139404296875,0.951048910617828369140625,4.291534423828125e-06],"structure_type":"Floor1Tiny"},{"main_cframe":[4.7852783203125,11.60970306396484375,4.7169189453125,-0.60876119136810302734375,0.76631629467010498046875,-0.205351173877716064453125,-2.849102020263671875e-05,0.258818328380584716796875,0.96592605113983154296875,0.793353497982025146484375,0.588024139404296875,-0.1575367450714111328125],"structure_type":"Wall2Tall"},{"main_cframe":[-27.955322265625,37.516082763671875,-1.6612548828125,-0.130495548248291015625,0.2566241919994354248046875,0.957661211490631103515625,2.0086765289306640625e-05,-0.9659202098846435546875,0.258840084075927734375,0.991448938846588134765625,0.0337966978549957275390625,0.126043021678924560546875],"structure_type":"Wall2Tall"},{"main_cframe":[-9.25494384765625,59.055633544921875,-20.3035888671875,-0.8054711818695068359375,-0.533107757568359375,-0.25886833667755126953125,0.2158496677875518798828125,0.142904579639434814453125,-0.965912759304046630859375,0.551928997039794921875,-0.833891332149505615234375,-3.45706939697265625e-05],"structure_type":"Wall2Tall"},{"main_cframe":[7.68890380859375,44.382415771484375,-27.174072265625,0.6544859409332275390625,0.4755392372608184814453125,-0.587801516056060791015625,0.4755392372608184814453125,0.345503985881805419921875,0.809005200862884521484375,0.587801516056060791015625,-0.809005200862884521484375,-1.0013580322265625e-05],"structure_type":"Floor1Tiny"},{"main_cframe":[0.086669921875,39.9933319091796875,-27.349517822265625,0.432070314884185791015625,-5.1558017730712890625e-06,-0.9018399715423583984375,0.8881359100341796875,-0.17366504669189453125,0.4255056679248809814453125,-0.1566202938556671142578125,-0.98480474948883056640625,-0.07503092288970947265625],"structure_type":"Post"},{"main_cframe":[25.09588623046875,50.3693389892578125,20.16839599609375,0.623432815074920654296875,0.2588048279285430908203125,0.737801849842071533203125,-0.1670586764812469482421875,0.96592962741851806640625,-0.1976647078990936279296875,-0.763821303844451904296875,-2.5533139705657958984375e-05,0.64542782306671142578125],"structure_type":"Wall2Tall"},{"main_cframe":[-2.255126953125,11.6098175048828125,3.78955078125,-0.38268935680389404296875,-0.89239084720611572265625,0.2391389906406402587890625,-2.92956829071044921875e-05,0.258854568004608154296875,0.96591627597808837890625,-0.92387712001800537109375,0.3696388900279998779296875,-0.0990869998931884765625],"structure_type":"Wall2Tall"},{"main_cframe":[-8.38201904296875,47.69854736328125,-24.050445556640625,7.31945037841796875e-05,3.73423099517822265625e-05,1,-0.80944156646728515625,0.58720052242279052734375,3.73423099517822265625e-05,-0.587200582027435302734375,-0.80944156646728515625,7.31945037841796875e-05],"structure_type":"Floor1Tiny"},{"main_cframe":[-1.60791015625,23.1658172607421875,26.0758056640625,-0.991442203521728515625,-0.065254785120487213134765625,0.1130678951740264892578125,2.4549663066864013671875e-05,0.86601507663726806640625,0.5000178813934326171875,-0.13054706156253814697265625,0.4957415759563446044921875,-0.85860240459442138671875],"structure_type":"Wall2Tall"},{"main_cframe":[-7.9993896484375,46.9617919921875,-28.3203125,-0.18167221546173095703125,0.24999511241912841796875,-0.95105075836181640625,-0.559031665325164794921875,0.769403159618377685546875,0.3090345859527587890625,0.808998584747314453125,0.587810516357421875,-2.396106719970703125e-05],"structure_type":"Floor1Tiny"},{"main_cframe":[-5.05535888671875,29.820892333984375,-25.46368408203125,-0.9367885589599609375,0.073703110218048095703125,0.342045962810516357421875,0.073038637638092041015625,-0.9148371219635009765625,0.3971632421016693115234375,0.34218847751617431640625,0.3970404565334320068359375,0.8516254425048828125],"structure_type":"Wall2ShortThin"},{"main_cframe":[-7.4659423828125,67.37646484375,-20.50128173828125,-0.81008923053741455078125,0.258850753307342529296875,-0.526072025299072265625,0.21709175407886505126953125,0.9659173488616943359375,0.140978336334228515625,0.54463446140289306640625,-8.86619091033935546875e-07,-0.83867359161376953125],"structure_type":"Wall2Tall"},{"main_cframe":[22.75628662109375,37.584228515625,23.4443359375,-0.707134246826171875,0,-0.70707929134368896484375,0,1,0,0.70707929134368896484375,0,-0.707134246826171875],"structure_type":"Wall2Tall"},{"main_cframe":[10.65966796875,95.0270538330078125,-16.736328125,-0.93922984600067138671875,0.2255356311798095703125,0.258807003498077392578125,0.251657783985137939453125,-0.06041038036346435546875,0.965929090976715087890625,0.23348604142665863037109375,0.972360193729400634765625,-1.8596649169921875e-05],"structure_type":"Wall2Tall"},{"main_cframe":[-19.221435546875,70.526336669921875,6.57861328125,0.144463598728179931640625,0.258833408355712890625,-0.955057799816131591796875,-0.03872691094875335693359375,0.96592199802398681640625,0.25591981410980224609375,0.988751947879791259765625,1.53481960296630859375e-05,0.14956438541412353515625],"structure_type":"Wall2Tall"},{"main_cframe":[-11.25738525390625,84.956787109375,-12.2025146484375,-0.517594814300537109375,0.2588155567646026611328125,-0.815542876720428466796875,0.13867397606372833251953125,0.96592676639556884765625,0.218529224395751953125,0.844313442707061767578125,1.5027821063995361328125e-05,-0.53584969043731689453125],"structure_type":"Wall2Tall"},{"main_cframe":[-10.1427001953125,100.601043701171875,11.0194091796875,0.29853069782257080078125,0.918635904788970947265625,0.2588199675083160400390625,-0.079982221126556396484375,-0.24615180492401123046875,0.965925753116607666015625,0.9510428905487060546875,-0.309059560298919677734375,-9.5367431640625e-06],"structure_type":"Wall2Tall"},{"main_cframe":[-25.24676513671875,52.9852447509765625,-4.95458984375,-0.2587945461273193359375,-0.2499890029430389404296875,0.93302237987518310546875,9.275972843170166015625e-06,-0.96592998504638671875,-0.2588035166263580322265625,0.965932369232177734375,-0.066968299448490142822265625,0.249979794025421142578125],"structure_type":"Wall2Tall"},{"main_cframe":[-15.1981201171875,69.44830322265625,17.4859619140625,0.5289494991302490234375,0.2587890625,-0.808233082294464111328125,-0.1417250335216522216796875,0.965933859348297119140625,0.216531276702880859375,0.836735665798187255859375,1.275539398193359375e-05,0.54760706424713134765625],"structure_type":"Wall2Tall"},{"main_cframe":[-12.44793701171875,53.0482177734375,26.435546875,-0.8660376071929931640625,0.2499867975711822509765625,0.432996809482574462890625,9.633600711822509765625e-06,0.866037189960479736328125,-0.49997961521148681640625,-0.49997961521148681640625,-0.432996809482574462890625,-0.75002324581146240234375],"structure_type":"Wall2Tall"},{"main_cframe":[-0.791656494140625,27.83823394775390625,-25.315338134765625,-0.5664155483245849609375,0.8241198062896728515625,6.8247318267822265625e-06,-0.746901988983154296875,-0.51334750652313232421875,0.422624886035919189453125,0.3482970297336578369140625,0.23937620222568511962890625,0.90630471706390380859375],"structure_type":"Wall2ShortThin"},{"main_cframe":[1.53277587890625,17.5960540771484375,20.72589111328125,-1,0,0,0,0.707134246826171875,0.70707929134368896484375,0,0.70707929134368896484375,-0.707134246826171875],"structure_type":"Wall2Tall"},{"main_cframe":[11.1671142578125,46.909423828125,-27.82147216796875,-0.65448606014251708984375,0.4755392372608184814453125,-0.587801516056060791015625,-0.4755392372608184814453125,0.345503985881805419921875,0.809005200862884521484375,0.587801516056060791015625,0.809005200862884521484375,9.953975677490234375e-06],"structure_type":"Floor1Tiny"},{"main_cframe":[31.6798095703125,48.08721923828125,3.66827392578125,0.042077124118804931640625,0.965010166168212890625,-0.25881445407867431640625,-0.0112494528293609619140625,-0.2585699558258056640625,-0.965927064418792724609375,-0.99905109405517578125,0.043554961681365966796875,-2.40802764892578125e-05],"structure_type":"Wall2Tall"},{"main_cframe":[-12.2755126953125,60.38299560546875,23.3494873046875,0.73558056354522705078125,0.258799374103546142578125,-0.626054465770721435546875,-0.19709350168704986572265625,0.965931117534637451171875,0.16772377490997314453125,0.648132264614105224609375,1.6890466213226318359375e-05,0.761527836322784423828125],"structure_type":"Wall2Tall"},{"main_cframe":[-7.56292724609375,48.305023193359375,-25.4951171875,-0.29383718967437744140625,-0.0955417156219482421875,-0.951068878173828125,-0.904539585113525390625,-0.29383718967437744140625,0.3089796006679534912109375,-0.3089796006679534912109375,0.951068878173828125,-8.13007354736328125e-05],"structure_type":"Floor1Tiny"},{"main_cframe":[-24.232666015625,45.38323974609375,-12.654541015625,-0.499959468841552734375,0,0.8660488128662109375,0,-1,0,0.8660488128662109375,0,0.499959468841552734375],"structure_type":"Wall2Tall"},{"main_cframe":[-0.84161376953125,40.26025390625,-35.321136474609375,0.992097079753875732421875,0.069414556026458740234375,0.104522995650768280029296875,-0.0809895098209381103515625,-0.281985759735107421875,0.955994188785552978515625,0.095833905041217803955078125,-0.956904232501983642578125,-0.27413547039031982421875],"structure_type":"Post"},{"main_cframe":[-7.6966552734375,33.4549102783203125,-25.71832275390625,-0.63592636585235595703125,-0.692150771617889404296875,0.341358721256256103515625,0.771101295948028564453125,-0.55172169208526611328125,0.3178155422210693359375,-0.03164131939411163330078125,0.465329229831695556640625,0.884571969509124755859375],"structure_type":"Wall2ShortThin"},{"main_cframe":[-11.0570068359375,84.9031219482421875,17.4859619140625,0.5289494991302490234375,0.2587890625,-0.808233082294464111328125,-0.1417250335216522216796875,0.965933859348297119140625,0.216531276702880859375,0.836735665798187255859375,1.275539398193359375e-05,0.54760706424713134765625],"structure_type":"Wall2Tall"},{"main_cframe":[-8.7532958984375,44.641632080078125,-28.3389892578125,0.09550988674163818359375,0.2939113676548004150390625,-0.951048910617828369140625,0.2939113676548004150390625,0.90449440479278564453125,0.3090405166149139404296875,0.951048910617828369140625,-0.3090405166149139404296875,4.291534423828125e-06],"structure_type":"Floor1Tiny"},{"main_cframe":[1.55145263671875,42.997589111328125,-27.879302978515625,-0.4336359500885009765625,-1.69575214385986328125e-05,0.901088178157806396484375,-0.8873958587646484375,-0.17365777492523193359375,-0.42704999446868896484375,0.156488239765167236328125,-0.984806060791015625,0.07528913021087646484375],"structure_type":"Post"},{"main_cframe":[0.4134521484375,97.7725067138671875,-20.495361328125,-0.80315148830413818359375,0.5366418361663818359375,0.258772730827331542