[{"main_cframe":[-18.9000244140625,86.8000030517578125,42,-0.9186534881591796875,0.24616436660289764404296875,0.3089965879917144775390625,-0.00736381113529205322265625,0.77133715152740478515625,-0.63638412952423095703125,-0.3949956595897674560546875,-0.5868918895721435546875,-0.70677888393402099609375],"structure_type":"Wall2Tall"},{"main_cframe":[-12.20001220703125,143.3000030517578125,-28.399993896484375,0.55898034572601318359375,0.1816287934780120849609375,0.80904388427734375,-0.769449710845947265625,-0.2499983310699462890625,0.587748229503631591796875,0.3090116977691650390625,-0.951058208942413330078125,1.0013580322265625e-05],"structure_type":"Floor1Tiny"},{"main_cframe":[-8.5,142.6999969482421875,-27.5,-0.7694034576416015625,-0.249995172023773193359375,-0.58781063556671142578125,-0.559031784534454345703125,-0.1816723346710205078125,0.808998763561248779296875,-0.3090345859527587890625,0.951050937175750732421875,2.3782253265380859375e-05],"structure_type":"Floor1Tiny"},{"main_cframe":[-29.5,132.9000091552734375,-7.5,-0.25335967540740966796875,0.253391921520233154296875,0.933596193790435791015625,-0.033201999962329864501953125,-0.96679401397705078125,0.253391921520233154296875,0.966802418231964111328125,0.033201999962329864501953125,0.253359377384185791015625],"structure_type":"Wall2Tall"},{"main_cframe":[27.5999755859375,102.59999847412109375,-1,0.04665601253509521484375,-0.88977372646331787109375,-0.454010903835296630859375,-0.023793995380401611328125,0.453386962413787841796875,-0.89099609851837158203125,0.998627603054046630859375,0.0523730814456939697265625,-1.811981201171875e-05],"structure_type":"Wall2Tall"},{"main_cframe":[16.199981689453125,147.3000030517578125,-23.10009765625,-0.823657989501953125,0.267578125,0.4999894201755523681640625,0.230789959430694580078125,0.963528573513031005859375,-0.135457217693328857421875,-0.517999470233917236328125,0.003822125494480133056640625,-0.85537242889404296875],"structure_type":"Wall2Tall"},{"main_cframe":[13.49993896484375,8.6000003814697265625,32.100006103515625,-0.91865622997283935546875,0.298446714878082275390625,-0.25884425640106201171875,0.00314702093601226806640625,0.66071331501007080078125,0.75063169002532958984375,0.395045459270477294921875,0.68875789642333984375,-0.60790765285491943359375],"structure_type":"Wall2Tall"},{"main_cframe":[-3.4000244140625,121.69991302490234375,-26.600006103515625,0.25885164737701416015625,0.965917110443115234375,4.349648952484130859375e-05,-0.88241493701934814453125,0.236455976963043212890625,0.406733930110931396484375,0.392860949039459228515625,-0.10532213747501373291015625,0.91354668140411376953125],"structure_type":"Wall2ShortThin"},{"main_cframe":[-17.5,155.9000091552734375,17.9000244140625,0.646337330341339111328125,-0.71782076358795166015625,-0.258807659149169921875,-0.173188507556915283203125,0.192320406436920166015625,-0.96592891216278076171875,0.743137836456298828125,0.669138431549072265625,-1.442432403564453125e-05],"structure_type":"Wall2Tall"},{"main_cframe":[-66.29998779296875,82.40009307861328125,-3.100006103515625,0.10454308986663818359375,-0.9945204257965087890625,0,0.9945204257965087890625,0.10454308986663818359375,0,0,0,1],"structure_type":"Wall2TallThin"},{"main_cframe":[45.5,72.8000030517578125,26.79998779296875,-0.5091474056243896484375,-0.369884490966796875,-0.77714550495147705078125,-0.01608024537563323974609375,0.90687429904937744140625,-0.421094417572021484375,0.86052954196929931640625,-0.20190227031707763671875,-0.46768057346343994140625],"structure_type":"Wall2Tall"},{"main_cframe":[-13.9000244140625,188.5,-11.20001220703125,-0.380747318267822265625,0.2472240626811981201171875,-0.89101731777191162109375,0.098031938076019287109375,0.9689579010009765625,0.2269589006900787353515625,0.919467926025390625,-0.000934176146984100341796875,-0.3931639194488525390625],"structure_type":"Wall2Tall"},{"main_cframe":[-32.5,13.90000057220458984375,-25.29998779296875,0.62869703769683837890625,-0.509137570858001708984375,0.5878086090087890625,0.00037288665771484375,0.756075084209442138671875,0.654484808444976806640625,-0.77765023708343505859375,-0.4112534821033477783203125,0.475531995296478271484375],"structure_type":"Wall2Tall"},{"main_cframe":[7.70001220703125,140.9000091552734375,-30.600006103515625,-0.249998569488525390625,0.76944983005523681640625,0.587748348712921142578125,0.1816288530826568603515625,-0.55898058414459228515625,0.809044063091278076171875,0.951058447360992431640625,0.309011757373809814453125,-1.02519989013671875e-05],"structure_type":"Floor1Tiny"},{"main_cframe":[-22.4000244140625,166,0.20001220703125,3.349781036376953125e-05,0.2587988674640655517578125,-0.965931236743927001953125,-0.052378676831722259521484375,0.964605748653411865234375,0.258441925048828125,0.998627245426177978515625,0.0505855381488800048828125,0.013587892055511474609375],"structure_type":"Wall2Tall"},{"main_cframe":[12.9000244140625,106,-16.29998779296875,0.760155200958251953125,-0.615559041500091552734375,-0.20796956121921539306640625,0.006764590740203857421875,0.327560603618621826171875,-0.944806158542633056640625,0.64970648288726806640625,0.716792523860931396484375,0.25316083431243896484375],"structure_type":"Wall2Tall"},{"main_cframe":[-24.5,158.3000030517578125,0.20001220703125,3.349781036376953125e-05,0.2587988674640655517578125,-0.965931236743927001953125,-0.052378676831722259521484375,0.964605748653411865234375,0.258441925048828125,0.998627245426177978515625,0.0505855381488800048828125,0.013587892055511474609375],"structure_type":"Wall2Tall"},{"main_cframe":[8.0999755859375,143.6999969482421875,-27.5,-0.29383718967437744140625,-0.0955417156219482421875,-0.951068878173828125,-0.904539585113525390625,-0.29383718967437744140625,0.3089796006679534912109375,-0.3089796006679534912109375,0.951068878173828125,-8.13007354736328125e-05],"structure_type":"Floor1Tiny"},{"main_cframe":[-55.29998779296875,57.3000030517578125,13.70001220703125,-0.22413730621337890625,0.12938483059406280517578125,0.965930640697479248046875,0.0147512666881084442138671875,0.991484701633453369140625,-0.12938483059406280517578125,-0.974445879459381103515625,-0.0147512666881084442138671875,-0.22413730621337890625],"structure_type":"Wall2Tall"},{"main_cframe":[11,189.5,3.70001220703125,0.933020055294036865234375,0.24999003112316131591796875,0.2588021755218505859375,-0.24999003112316131591796875,-0.066959381103515625,0.96593034267425537109375,0.2588021755218505859375,-0.96593034267425537109375,2.062320709228515625e-05],"structure_type":"Wall2Tall"},{"main_cframe":[-4.4000244140625,125.3000030517578125,-27.29998779296875,-0.99315607547760009765625,0.05203469097614288330078125,0.1045663654804229736328125,0.00690339319407939910888671875,-0.867559909820556640625,0.497285544872283935546875,0.11659364402294158935546875,0.494603812694549560546875,0.86126244068145751953125],"structure_type":"Wall2Tall"},{"main_cframe":[-3.20001220703125,105.99993896484375,21.0999755859375,-0.98633587360382080078125,0.15622234344482421875,0.052306972444057464599609375,-0.00078712403774261474609375,0.313027322292327880859375,-0.949743807315826416015625,-0.1647447049617767333984375,-0.936807572841644287109375,-0.30862712860107421875],"structure_type":"Wall2Tall"},{"main_cframe":[30.300048828125,160.0999908447265625,11.0999755859375,0.38074719905853271484375,0.2472240626811981201171875,0.89101731777191162109375,-0.098031938076019287109375,0.9689579010009765625,-0.2269589006900787353515625,-0.919467926025390625,-0.000934176146984100341796875,0.393163859844207763671875],"structure_type":"Wall2Tall"},{"main_cframe":[-12.79998779296875,139.600006103515625,-27.600006103515625,0.808988749980926513671875,-1.4007091522216796875e-06,-0.5878241062164306640625,0.5878241062164306640625,4.291534423828125e-06,0.8089888095855712890625,1.4007091522216796875e-06,-1,4.291534423828125e-06],"structure_type":"Floor1Tiny"},{"main_cframe":[-14,180.3000030517578125,15,0.523701250553131103515625,0.2668895423412322998046875,-0.809016168117523193359375,-0.16552586853504180908203125,0.96343863010406494140625,0.2106826007366180419921875,0.835666477680206298828125,0.0235783159732818603515625,0.5487310886383056640625],"structure_type":"Wall2Tall"},{"main_cframe":[44,49.40000152587890625,35,-0.62928617000579833984375,0,-0.7771737575531005859375,0,1,0,0.7771737575531005859375,0,-0.62928617000579833984375],"structure_type":"Wall2Tall"},{"main_cframe":[43.5999755859375,33.90000152587890625,-29.89996337890625,0.5487310886383056640625,0.2106826007366180419921875,-0.809016168117523193359375,0.0235783159732818603515625,0.96343863010406494140625,0.2668895423412322998046875,0.835666477680206298828125,-0.16552586853504180908203125,0.523701250553131103515625],"structure_type":"Wall2Tall"},{"main_cframe":[-13.29998779296875,141.100006103515625,-28.399993896484375,0.951051414012908935546875,0.30903279781341552734375,5.31971454620361328125e-06,5.31971454620361328125e-06,-3.36170196533203125e-05,1,0.30903279781341552734375,-0.951051414012908935546875,-3.36170196533203125e-05],"structure_type":"Floor1Tiny"},{"main_cframe":[7.29998779296875,143.5,-29.20001220703125,2.3782253265380859375e-05,-1.2218952178955078125e-05,1.00000011920928955078125,-0.809039175510406494140625,-0.5877552032470703125,1.2218952178955078125e-05,0.5877549648284912109375,-0.809039175510406494140625,-2.40802764892578125e-05],"structure_type":"Floor1Tiny"},{"main_cframe":[29.5999755859375,98.09999847412109375,17.5,-0.50900924205780029296875,-0.7006244659423828125,-0.5000350475311279296875,0.029530704021453857421875,0.56636583805084228515625,-0.82362473011016845703125,0.86025440692901611328125,-0.43399894237518310546875,-0.2675955295562744140625],"structure_type":"Wall2Tall"},{"main_cframe":[-12.79998779296875,139.600006103515625,-28.399993896484375,0.769403159618377685546875,0.24999511241912841796875,-0.587810516357421875,0.559031665325164794921875,0.18167221546173095703125,0.808998584747314453125,0.3090345859527587890625,-0.95105075836181640625,2.4020671844482421875e-05],"structure_type":"Floor1Tiny"},{"main_cframe":[80.800048828125,113.6999969482421875,1.7999267578125,-0.4755160808563232421875,0.3455149233341217041015625,0.80901420116424560546875,0.1817923486232757568359375,0.9383847713470458984375,-0.29391419887542724609375,-0.86071836948394775390625,0.00731170177459716796875,-0.509028911590576171875],"structure_type":"Wall2TallThin"},{"main_cframe":[9,102.59999847412109375,-26.70001220703125,0.93934714794158935546875,-0.305195748805999755859375,-0.15646879374980926513671875,-0.010282814502716064453125,0.430953204631805419921875,-0.9023158550262451171875,0.34281361103057861328125,0.84919679164886474609375,0.4016764163970947265625],"structure_type":"Wall2Tall"},{"main_cframe":[9.99993896484375,128.900054931640625,-27.399993896484375,-0.69840514659881591796875,-0.69840061664581298828125,-0.15641878545284271240234375,0.6204974651336669921875,-0.69977855682373046875,0.3539673984050750732421875,-0.35666954517364501953125,0.1501552164554595947265625,0.922084748744964599609375],"structure_type":"Wall2ShortThin"},{"main_cframe":[-0.800048828125,112.900054931640625,-17.999969482421875,-1,0,0,0,-0.499959468841552734375,0.8660488128662109375,0,0.8660488128662109375,0.499959468841552734375],"structure_type":"Wall2Tall"},{"main_cframe":[-1.5,138.5,-29.899993896484375,-6.043910980224609375e-05,5.1677227020263671875e-05,1,-0.987690627574920654296875,-0.1564197540283203125,-5.1677227020263671875e-05,0.1564197838306427001953125,-0.987690627574920654296875,6.0558319091796875e-05],"structure_type":"Post"},{"main_cframe":[18.40008544921875,92.8000030517578125,-36.100006103515625,0.887880980968475341796875,-0.340854167938232421875,-0.30900776386260986328125,0.00133381783962249755859375,0.67355334758758544921875,-0.739137470722198486328125,0.460071265697479248046875,0.655853927135467529296875,0.598489820957183837890625],"structure_type":"Wall2Tall"},{"main_cframe":[-49.4000244140625,49.40000152587890625,-28.4000244140625,0.499959468841552734375,0,0.8660488128662109375,0,1,0,-0.8660488128662109375,0,0.499959468841552734375],"structure_type":"Wall2Tall"},{"main_cframe":[-11.70001220703125,140.4000091552734375,-30.399993896484375,0.2499983310699462890625,0.769449710845947265625,-0.587748229503631591796875,0.1816287934780120849609375,0.55898034572601318359375,0.80904388427734375,0.951058208942413330078125,-0.3090116977691650390625,-1.0013580322265625e-05],"structure_type":"Floor1Tiny"},{"main_cframe":[-14.200103759765625,180.300018310546875,-14.70001220703125,-0.52370166778564453125,0.2668895423412322998046875,-0.809016168117523193359375,0.16552586853504180908203125,0.96343863010406494140625,0.2106826007366180419921875,0.835666477680206298828125,-0.0235783159732818603515625,-0.5487315654754638671875],"structure_type":"Wall2Tall"},{"main_cframe":[-24.79998779296875,125.3000030517578125,-13.70001220703125,-0.49729251861572265625,0.447728097438812255859375,0.743128478527069091796875,-0.03732876479625701904296875,-0.86679923534393310546875,0.49725854396820068359375,0.866779625415802001953125,0.21954284608364105224609375,0.44776570796966552734375],"structure_type":"Wall2Tall"},{"main_cframe":[24.9000244140625,4.099999904632568359375,12.5,-0.43301141262054443359375,0.75000202655792236328125,-0.4999980926513671875,-0.0173482000827789306640625,0.54766082763671875,0.836520612239837646484375,0.9012215137481689453125,0.370896995067596435546875,-0.22413218021392822265625],"structure_type":"Wall2Tall"},{"main_cframe":[-10.39996337890625,126.00002288818359375,-26.600006103515625,0.808496177196502685546875,-0.4667826592922210693359375,0.3583962619304656982421875,0.3555351793766021728515625,0.872717320919036865234375,0.334603011608123779296875,-0.4689655005931854248046875,-0.14310277998447418212890625,0.871546268463134765625],"structure_type":"Wall2ShortThin"},{"main_cframe":[39.0999755859375,86.8000030517578125,-23,0.4972369670867919921875,-0.5522863864898681640625,-0.669130146503448486328125,-0.0161313712596893310546875,0.76521122455596923828125,-0.64357721805572509765625,0.867464840412139892578125,0.3308043777942657470703125,0.37158215045928955078125],"structure_type":"Wall2Tall"},{"main_cframe":[-48.29998779296875,33.90000152587890625,23.39996337890625,-0.433011531829833984375,-0.24999153614044189453125,0.866028308868408203125,-0.010824620723724365234375,0.962144553661346435546875,0.27232456207275390625,-0.9013233184814453125,0.108545266091823577880859375,-0.41932570934295654296875],"structure_type":"Wall2Tall"},{"main_cframe":[8.09991455078125,174.400054931640625,-27.399993896484375,-0.9659297466278076171875,0.258804798126220703125,0,0.258804798126220703125,0.96592962741851806640625,0,0,0,-1],"structure_type":"Wall2Tall"},{"main_cframe":[-46.79998779296875,80.09999847412109375,-18.79998779296875,0.369878113269805908203125,0.50913012027740478515625,0.77715933322906494140625,-0.0088715851306915283203125,0.83837974071502685546875,-0.54501438140869140625,-0.92903792858123779296875,0.19469423592090606689453125,0.31461513042449951171875],"structure_type":"Wall2Tall"},{"main_cframe":[51.9000244140625,49.40000152587890625,21.29998779296875,-0.35837781429290771484375,0,-0.933576643466949462890625,0,1,0,0.933576643466949462890625,0,-0.35837781429290771484375],"structure_type":"Wall2Tall"},{"main_cframe":[-26.79998779296875,110.20000457763671875,7,0.207885921001434326171875,0,0.97815310955047607421875,0,-1,0,0.97815310955047607421875,0,-0.2078859806060791015625],"structure_type":"Wall2Tall"},{"main_cframe":[-87.0999755859375,66.0999755859375,-8.39996337890625,0.36984741687774658203125,-0.509123504161834716796875,0.7771785259246826171875,-0.663257300853729248046875,-0.73045253753662109375,-0.16287927329540252685546875,0.6506173610687255859375,-0.45522868633270263671875,-0.6078360080718994140625],"structure_type":"Wall2TallThin"},{"main_cframe":[-9.0999755859375,143.3000030517578125,-28.399993896484375,-0.5877552032470703125,-1.2218952178955078125e-05,-0.809039175510406494140625,-0.809039175510406494140625,2.3782253265380859375e-05,0.5877549648284912109375,1.2218952178955078125e-05,1.00000011920928955078125,-2.40802764892578125e-05],"structure_type":"Floor1Tiny"},{"main_cframe":[0.699951171875,105.99993896484375,21.299957275390625,-0.9986298084259033203125,-0.052334539592266082763671875,5.178339779376983642578125e-05,-0.016220264136791229248046875,0.308568477630615234375,-0.9510638713836669921875,0.0497575104236602783203125,-0.94976139068603515625,-0.30899465084075927734375],"structure_type":"Wall2Tall"},{"main_cframe":[-8.20001220703125,142,-28.399993896484375,-0.9510514736175537109375,5.31971454620361328125e-06,-0.30903279781341552734375,-0.30903279781341552734375,-3.36170196533203125e-05,0.951051414012908935546875,-5.31971454620361328125e-06,1,3.349781036376953125e-05],"structure_type":"Floor1Tiny"},{"main_cframe":[-11.79998779296875,140.8000030517578125,-30.399993896484375,0.29383695125579833984375,0.9045393466949462890625,-0.3089794814586639404296875,0.0955416858196258544921875,0.29383695125579833984375,0.9510686397552490234375,0.9510686397552490234375,-0.3089794814586639404296875,-8.106231689453125e-05],"structure_type":"Floor1Tiny"},{"main_cframe":[3.4000244140625,72.3000946044921875,-55.100006103515625,0.104574501514434814453125,-0.994517028331756591796875,1.943111419677734375e-05,0.908539235591888427734375,0.09552586078643798828125,-0.40673243999481201171875,0.404500484466552734375,0.0425514876842498779296875,0.913547337055206298828125],"structure_type":"Wall2ShortThin"},{"main_cframe":[-12.0999755859375,188.100006103515625,-14.70001220703125,-0.52370166778564453125,0.2668895423412322998046875,-0.809016168117523193359375,0.16552586853504180908203125,0.96343863010406494140625,0.2106826007366180419921875,0.835666477680206298828125,-0.0235783159732818603515625,-0.5487315654754638671875],"structure_type":"Wall2Tall"},{"main_cframe":[-10.4000244140625,162.8000030517578125,-23,-0.79761183261871337890625,0.25919353961944580078125,-0.5446412563323974609375,0.2242263853549957275390625,0.965667068958282470703125,0.1311855316162109375,0.55994451045989990234375,-0.0174877941608428955078125,-0.8283455371856689453125],"structure_type":"Wall2Tall"},{"main_cframe":[10.4000244140625,128.2000885009765625,-27.100006103515625,-0.25561344623565673828125,-0.954041779041290283203125,-0.1564161479473114013671875,0.887283980846405029296875,-0.29575240612030029296875,0.353917419910430908203125,-0.3839124739170074462890625,-0.04831950366497039794921875,0.922104358673095703125],"structure_type":"Wall2ShortThin"},{"main_cframe":[25.5,169.6999969482421875,-20.70001220703125,-0.73912036418914794921875,0.2401351630687713623046875,0.629314720630645751953125,0.1777839958667755126953125,0.9707100391387939453125,-0.16160106658935546875,-0.649688184261322021484375,-0.00756050646305084228515625,-0.76016366481781005859375],"structure_type":"Wall2Tall"},{"main_cframe":[2.5,20,46,-0.9972591400146484375,0.052266545593738555908203125,-0.0523782335221767425537109375,0.01540406048297882080078125,0.83899557590484619140625,0.54392015933990478515625,0.072373934090137481689453125,0.54162228107452392578125,-0.83750116825103759765625],"structure_type":"Wall2Tall"},{"main_cframe":[26.699951171875,148.29998779296875,-3.4000244140625,-0.14025843143463134765625,0.275391995906829833984375,-0.95104515552520751953125,-0.01979760825634002685546875,-0.96112823486328125,-0.275391995906829833984375,-0.9899170398712158203125,-0.01979760825634002685546875,0.140258371829986572265625],"structure_type":"Wall2Tall"},{"main_cframe":[2.0999755859375,92.8000030517578125,-40.79998779296875,0.997264385223388671875,-0.05222697556018829345703125,-0.05230782926082611083984375,-0.00382611341774463653564453125,0.67023181915283203125,-0.7421419620513916015625,0.073818206787109375,0.7403118610382080078125,0.66819846630096435546875],"structure_type":"Wall2Tall"},{"main_cframe":[-50.4000244140625,80.09999847412109375,1.70001220703125,-0.02847158908843994140625,0.543930530548095703125,0.838647067546844482421875,0.008422791957855224609375,0.839087963104248046875,-0.543930530548095703125,-0.999559104442596435546875,-0.008422791957855224609375,-0.02847158908843994140625],"structure_type":"Wall2Tall"},{"main_cframe":[-35.70001220703125,92.8000030517578125,20.39996337890625,-0.5091648101806640625,0.62869346141815185546875,0.5877888202667236328125,-0.02184200286865234375,0.673285305500030517578125,-0.739060103893280029296875,-0.8603918552398681640625,-0.389141857624053955078125,-0.3290812969207763671875],"structure_type":"Wall2Tall"},{"main_cframe":[6.4000244140625,123.90000152587890625,-26.79998779296875,-0.257443904876708984375,-0.9606230258941650390625,-0.10452835261821746826171875,0.87142360210418701171875,-0.27754914760589599609375,0.404459536075592041015625,-0.417544841766357421875,0.01303713023662567138671875,0.90856277942657470703125],"structure_type":"Wall2ShortThin"},{"main_cframe":[34.70001220703125,183.2000579833984375,-15,-0.5260646343231201171875,-0.81009566783905029296875,0.2588455677032470703125,0.1409827768802642822265625,0.21708261966705322265625,0.9659187793731689453125,-0.83867752552032470703125,0.5446283817291259765625,1.0013580322265625e-05],"structure_type":"Wall2Tall"},{"main_cframe":[6.29998779296875,140.4000091552734375,-30.399993896484375,0.2499983310699462890625,0.769449710845947265625,-0.587748229503631591796875,0.1816287934780120849609375,0.55898034572601318359375,0.80904388427734375,0.951058208942413330078125,-0.3090116977691650390625,-1.0013580322265625e-05],"structure_type":"Floor1Tiny"},{"main_cframe":[-17.5999755859375,148.3000030517578125,-21.79998779296875,-0.7913420200347900390625,-0.16819904744625091552734375,0.587781369686126708984375,0.02006508409976959228515625,-0.968038082122802734375,-0.249998986721038818359375,0.611044347286224365234375,-0.186040818691253662109375,0.7694242000579833984375],"structure_type":"Wall2Tall"},{"main_cframe":[-74,75.100006103515625,-2.60003662109375,0.473123729228973388671875,-0.52547180652618408203125,-0.70713031291961669921875,0.175438582897186279296875,-0.730377674102783203125,0.66012871265411376953125,-0.8633511066436767578125,-0.43638050556182861328125,-0.2533710002899169921875],"structure_type":"Wall2TallThin"},{"main_cframe":[13.199951171875,125.300018310546875,24.39996337890625,-0.85537242889404296875,0.135457217693328857421875,-0.4999894201755523681640625,-0.003822125494480133056640625,0.963528573513031005859375,0.267578125,0.517999470233917236328125,0.230789959430694580078125,-0.823657989501953125],"structure_type":"Wall2Tall"},{"main_cframe":[-21.99993896484375,33.90000152587890625,-48.899993896484375,0.908534705638885498046875,-0.09549136459827423095703125,0.406750738620758056640625,-0.0255779884755611419677734375,0.95899355411529541015625,0.282271444797515869140625,-0.4170258045196533203125,-0.26685726642608642578125,0.86883640289306640625],"structure_type":"Wall2Tall"},{"main_cframe":[-15.4000244140625,118.5,19.29998779296875,-0.78293716907501220703125,-0.30056655406951904296875,0.54467332363128662109375,0.00892843306064605712890625,0.8700196743011474609375,0.4929362237453460693359375,-0.62203657627105712890625,0.3908012211322784423828125,-0.67848718166351318359375],"structure_type":"Wall2Tall"},{"main_cframe":[-55.0999755859375,41.600006103515625,-9.70001220703125,0.16161978244781494140625,-0.13087852299213409423828125,0.978135883808135986328125,0.01069317758083343505859375,0.99134075641632080078125,0.13087852299213409423828125,-0.986795127391815185546875,-0.01069317758083343505859375,0.16161978244781494140625],"structure_type":"Wall2Tall"},{"main_cframe":[26.4000244140625,4.099999904632568359375,-8.79998779296875,0.3005449771881103515625,0.78297901153564453125,-0.54462528228759765625,-0.0032021105289459228515625,0.57185018062591552734375,0.820351898670196533203125,0.9537622928619384765625,-0.244808733463287353515625,0.1743738651275634765625],"structure_type":"Wall2Tall"},{"main_cframe":[87.39996337890625,127.9000244140625,3.399993896484375,-0.98769295215606689453125,0.15640546381473541259765625,-1.1418946087360382080078125e-05,0.15554963052272796630859375,0.982280731201171875,-0.1045415103435516357421875,-0.0163396485149860382080078125,-0.10325668752193450927734375,-0.99452054500579833984375],"structure_type":"Wall2TallThin"},{"main_cframe":[7.7000732421875,92.799957275390625,-39.999969482421875,0.97552490234375,-0.15448252856731414794921875,-0.1564808785915374755859375,-0.01019062101840972900390625,0.67910921573638916015625,-0.733966648578643798828125,0.2196526229381561279296875,0.717597424983978271484375,0.660913646221160888671875],"structure_type":"Wall2Tall"},{"main_cframe":[40.199951171875,13.90003871917724609375,1.5,-0.03295624256134033203125,0.6284313201904296875,-0.777166664600372314453125,0.01165378093719482421875,0.77777779102325439453125,0.6284313201904296875,0.999388873577117919921875,0.01165378093719482421875,-0.03295624256134033203125],"structure_type":"Wall2Tall"},{"main_cframe":[-28.29998779296875,148.3000030517578125,-3.39996337890625,-0.14025843143463134765625,-0.275391995906829833984375,0.95104515552520751953125,0.01979760825634002685546875,-0.96112823486328125,-0.275391995906829833984375,0.9899170398712158203125,-0.01979760825634002685546875,0.140258371829986572265625],"structure_type":"Wall2Tall"},{"main_cframe":[75.300048828125,90.199981689453125,-3.099945068359375,0.933587551116943359375,0.358349502086639404296875,0,-0.358349502086639404296875,0.933587551116943359375,0,0,0,1],"structure_type":"Wall2TallThin"},{"main_cframe":[-11.29998779296875,139.3000030517578125,-29.899993896484375,0.18167221546173095703125,0.24999511241912841796875,-0.95105075836181640625,0.559031665325164794921875,0.769403159618377685546875,0.3090345859527587890625,0.808998584747314453125,-0.587810516357421875,2.4020671844482421875e-05],"structure_type":"Floor1Tiny"},{"main_cframe":[-12.0999755859375,154.9000091552734375,23.20001220703125,0.823657989501953125,0.267578125,-0.4999894201755523681640625,-0.230789959430694580078125,0.963528573513031005859375,0.135457217693328857421875,0.517999470233917236328125,0.003822125494480133056640625,0.855372369289398193359375],"structure_type":"Wall2Tall"},{"main_cframe":[-40.5,92.8000030517578125,7.0999755859375,-0.1545331478118896484375,0.72690355777740478515625,0.669126808643341064453125,0.0155905783176422119140625,0.678972184658050537109375,-0.73399841785430908203125,-0.987864553928375244140625,-0.1029950082302093505859375,-0.1162564754486083984375],"structure_type":"Wall2Tall"},{"main_cframe":[-34.5999755859375,33.90000152587890625,-41,0.76015484333038330078125,-0.1615688800811767578125,0.629333078861236572265625,-0.02648867666721343994140625,0.960077822208404541015625,0.278476059436798095703125,-0.649201810359954833984375,-0.22835512459278106689453125,0.725528061389923095703125],"structure_type":"Wall2Tall"},{"main_cframe":[14,106,15.4000244140625,-0.72690975666046142578125,-0.65448820590972900390625,-0.2079598903656005859375,0.012042343616485595703125,0.2906301021575927734375,-0.9567596912384033203125,0.686627328395843505859375,-0.697982311248779296875,-0.20338022708892822265625],"structure_type":"Wall2Tall"},{"main_cframe":[19.70001220703125,26.7000274658203125,45.99993896484375,-0.9220945835113525390625,0.1460160911083221435546875,-0.35835969448089599609375,-0.021342955529689788818359375,0.90547621250152587890625,0.4238599836826324462890625,0.386376559734344482421875,0.3984872996807098388671875,-0.8318183422088623046875],"structure_type":"Wall2Tall"},{"main_cframe":[21.4000244140625,148.4000091552734375,17.20001220703125,-0.6232535839080810546875,-0.404735147953033447265625,-0.6691377162933349609375,-0.029213845729827880859375,0.867105305194854736328125,-0.497267544269561767578125,0.78147447109222412109375,-0.2903754711151123046875,-0.552250385284423828125],"structure_type":"Wall2Tall"},{"main_cframe":[-22.20001220703125,157.100006103515625,10,0.346171677112579345703125,-0.90177249908447265625,-0.258788645267486572265625,-0.0927208960056304931640625,0.2416079044342041015625,-0.96593391895294189453125,0.933578073978424072265625,0.3583740890026092529296875,2.467632293701171875e-05],"structure_type":"Wall2Tall"},{"main_cframe":[-27.79998779296875,98.09999847412109375,21.5,-0.59617340564727783203125,0.662154853343963623046875,0.454014360904693603515625,0.02475321292877197265625,0.58038961887359619140625,-0.81396281719207763671875,-0.802474558353424072265625,-0.4740243256092071533203125,-0.362403392791748046875],"structure_type":"Wall2Tall"},{"main_cframe":[-21.5,0.60000002384185791015625,2.20001220703125,-0.0931780338287353515625,-0.88611018657684326171875,0.4540116786956787109375,-0.0047069489955902099609375,0.456382453441619873046875,0.889771282672882080078125,-0.995638370513916015625,0.08077013492584228515625,-0.046695709228515625],"structure_type":"Wall2Tall"},{"main_cframe":[25.4000244140625,65.20000457763671875,49.20001220703125,-0.88004601001739501953125,-0.139348685741424560546875,-0.4539836943149566650390625,-0.010195076465606689453125,0.96130275726318359375,-0.2753053605556488037109375,0.4747792184352874755859375,-0.23765294253826141357421875,-0.84741127490997314453125],"structure_type":"Wall2Tall"},{"main_cframe":[6.60003662109375,0.600000917911529541015625,-20.100006103515625,0.93934714794158935546875,0.305195748805999755859375,-0.15646879374980926513671875,0.010282814502716064453125,0.430953204631805419921875,0.9023158550262451171875,0.34281361103057861328125,-0.84919679164886474609375,0.4016764163970947265625],"structure_type":"Wall2Tall"},{"main_cframe":[34.300048828125,175.5999908447265625,-11.40008544921875,-0.41932570934295654296875,0.27232456207275390625,0.866028308868408203125,0.108545266091823577880859375,0.962144553661346435546875,-0.24999153614044189453125,-0.9013233184814453125,-0.010824620723724365234375,-0.433011531829833984375],"structure_type":"Wall2Tall"},{"main_cframe":[-3.0999755859375,1.7999999523162841796875,-0.5,0,0,1,0,1,0,-1,0,0],"structure_type":"Floor1Tiny"},{"main_cframe":[-12.5,155,-23,-0.79761183261871337890625,0.25919353961944580078125,-0.5446412563323974609375,0.2242263853549957275390625,0.965667068958282470703125,0.1311855316162109375,0.55994451045989990234375,-0.0174877941608428955078125,-0.8283455371856689453125],"structure_type":"Wall2Tall"},{"main_cframe":[17,0.599999845027923583984375,-11.89996337890625,0.54872214794158935546875,0.75529253482818603515625,-0.35838115215301513671875,-0.0059043467044830322265625,0.43217372894287109375,0.901771008968353271484375,0.83598387241363525390625,-0.492705762386322021484375,0.24160277843475341796875],"structure_type":"Wall2Tall"},{"main_cframe":[-66.0999755859375,84.1000213623046875,-2.5999755859375,0.0522696971893310546875,-0.997261583805084228515625,-0.0523185431957244873046875,0.863479793071746826171875,0.071451961994171142578125,-0.499296724796295166015625,0.5016677379608154296875,-0.01907794177532196044921875,0.86485004425048828125],"structure_type":"Wall2TallThin"},{"main_cframe":[19.7000732421875,26.7000274658203125,-45.899932861328125,0.922094166278839111328125,0.1460160911083221435546875,-0.35835969448089599609375,0.021342955529689788818359375,0.90547621250152587890625,0.4238599836826324462890625,0.386376559734344482421875,-0.3984872996807098388671875,0.83181798458099365234375],"structure_type":"Wall2Tall"},{"main_cframe":[75,98.8000030517578125,0.20001220703125,7.0154666900634765625e-05,0.3584184348583221435546875,0.9335610866546630859375,-1.299381256103515625e-05,0.933561027050018310546875,-0.3584184348583221435546875,-1,1.299381256103515625e-05,7.0154666900634765625e-05],"structure_type":"Wall2TallThin"},{"main_cframe":[1.199951171875,4.1000499725341796875,28.499969482421875,-0.9972608089447021484375,0.05229656398296356201171875,-0.052307270467281341552734375,-0.01528806425631046295166015625,0.5461719036102294921875,0.837533652782440185546875,0.0723688900470733642578125,0.836039125919342041015625,-0.5438764095306396484375],"structure_type":"Wall2Tall"},{"main_cframe":[-16.9000244140625,102.59999847412109375,-23,0.8100988864898681640625,0.52606141567230224609375,0.258842170238494873046875,0.0074816644191741943359375,0.43217766284942626953125,-0.901757419109344482421875,-0.586245596408843994140625,0.732449233531951904296875,0.346170842647552490234375],"structure_type":"Wall2Tall"},{"main_cframe":[23.20001220703125,186.3000640869140625,-25.20001220703125,-0.88241100311279296875,-0.392862379550933837890625,0.25886261463165283203125,0.23647384345531463623046875,0.105309009552001953125,0.965914189815521240234375,-0.406731903553009033203125,0.913547575473785400390625,-2.419948577880859375e-05],"structure_type":"Wall2Tall"},{"main_cframe":[2.9000244140625,58,-59.20001220703125,-0.6691086292266845703125,-0.74316465854644775390625,-4.38429415225982666015625e-05,0.7340180873870849609375,-0.66086423397064208984375,-0.1564476191997528076171875,0.11623735725879669189453125,-0.1047126352787017822265625,0.98768627643585205078125],"structure_type":"Wall2ShortThin"},{"main_cframe":[-23.79998779296875,102.59999847412109375,-15.9000244140625,0.54872214794158935546875,0.75529253482818603515625,0.35838115215301513671875,-0.0059043467044830322265625,0.43217372894287109375,-0.901771008968353271484375,-0.83598387241363525390625,0.492705762386322021484375,0.24160277843475341796875],"structure_type":"Wall2Tall"},{"main_cframe":[-52.9000244140625,57.3000030517578125,21.20001220703125,-0.38679444789886474609375,0.12574686110019683837890625,0.91355228424072265625,-0.0228627808392047882080078125,0.98904716968536376953125,-0.1458184421062469482421875,-0.92188251018524169921875,-0.0772881209850311279296875,-0.379683017730712890625],"structure_type":"Wall2Tall"},{"main_cframe":[-41.70001220703125,20,-20.20001220703125,0.42105007171630859375,-0.46768510341644287109375,0.777166306972503662109375,0.01612560451030731201171875,0.86054265499114990234375,0.5091230869293212890625,-0.906894028186798095703125,-0.201834022998809814453125,0.3698732852935791015625],"structure_type":"Wall2Tall"},{"main_cframe":[15.0999755859375,106,14.29998779296875,-0.654539585113525390625,-0.726885378360748291015625,-0.207884252071380615234375,-0.018432080745697021484375,0.29022991657257080078125,-0.95677947998046875,0.75580322742462158203125,-0.62241804599761962890625,-0.2033650875091552734375],"structure_type":"Wall2Tall"},{"main_cframe":[-26.5999755859375,13.90000152587890625,31.39996337890625,-0.77162265777587890625,-0.3931602537631988525390625,0.5000236034393310546875,0.027301609516143798828125,0.764905512332916259765625,0.64356362819671630859375,-0.6354944705963134765625,0.51023972034454345703125,-0.57948458194732666015625],"structure_type":"Wall2Tall"},{"main_cframe":[17.5,140.8000030517578125,24,-0.7913420200347900390625,-0.16819904744625091552734375,-0.587781369686126708984375,-0.02006508409976959228515625,0.968038141727447509765625,-0.249998986721038818359375,0.611044347286224365234375,-0.186040818691253662109375,-0.7694242000579833984375],"structure_type":"Wall2Tall"},{"main_cframe":[34.0999755859375,98.09999847412109375,-3.5999755859375,0.087722003459930419921875,-0.834058284759521484375,-0.544657170772552490234375,-0.0047889053821563720703125,0.546405613422393798828125,-0.837506949901580810546875,0.996133387088775634765625,0.076076030731201171875,0.04393756389617919921875],"structure_type":"Wall2Tall"},{"main_cframe":[-38.20001220703125,92.8000030517578125,-15.4000244140625,0.388586521148681640625,0.6730468273162841796875,0.6292922496795654296875,0.03160941600799560546875,0.672825396060943603515625,-0.73912584781646728515625,-0.9208700656890869140625,0.30710601806640625,0.240176260471343994140625],"structure_type":"Wall2Tall"},{"main_cframe":[21,33.90000152587890625,-48.79998779296875,0.908534705638885498046875,0.09549136459827423095703125,-0.406750738620758056640625,0.0255779884755611419677734375,0.95899355411529541015625,0.282271444797515869140625,0.4170258045196533203125,-0.26685726642608642578125,0.86883640289306640625],"structure_type":"Wall2Tall"},{"main_cframe":[68.9000244140625,93.20000457763671875,0.20001220703125,-1.0013580322265625e-05,0.95107114315032958984375,0.308971881866455078125,7.3015689849853515625e-06,0.308971881866455078125,-0.95107114315032958984375,-1,-7.3015689849853515625e-06,-1.0013580322265625e-05],"structure_type":"Wall2TallThin"},{"main_cframe":[-28.70001220703125,92.8000030517578125,-29.5,0.720801830291748046875,0.523760259151458740234375,0.4540043175220489501953125,-0.012100279331207275390625,0.66440379619598388671875,-0.747275829315185546875,-0.693035602569580078125,0.5331442356109619140625,0.485241115093231201171875],"structure_type":"Wall2Tall"},{"main_cframe":[-24.5999755859375,140.8000030517578125,18.39996337890625,-0.59848535060882568359375,0.19450278580188751220703125,0.777163982391357421875,-0.0182928144931793212890625,0.966509521007537841796875,-0.2559778690338134765625,-0.800924777984619140625,-0.1674155294895172119140625,-0.57488381862640380859375],"structure_type":"Wall2Tall"},{"main_cframe":[11.20001220703125,98.099945068359375,-32.89996337890625,0.930282533168792724609375,-0.30222594738006591796875,-0.207927644252777099609375,0.00244973599910736083984375,0.5719068050384521484375,-0.820314943790435791015625,0.36683571338653564453125,0.762615263462066650390625,0.53277528285980224609375],"structure_type":"Wall2Tall"},{"main_cframe":[-26.5999755859375,102.59999847412109375,10.5999755859375,-0.3715846538543701171875,0.83456885814666748046875,0.406718194484710693359375,-0.0204875171184539794921875,0.430607616901397705078125,-0.90230667591094970703125,-0.928173005580902099609375,-0.3436159193515777587890625,-0.14290893077850341796875],"structure_type":"Wall2Tall"},{"main_cframe":[18.0999755859375,155.1999969482421875,-14.29998779296875,-0.6232535839080810546875,0.404735147953033447265625,-0.6691377162933349609375,-0.029213845729827880859375,-0.86710584163665771484375,-0.497267544269561767578125,-0.78147447109222412109375,-0.2903754711151123046875,0.552249848842620849609375],"structure_type":"Wall2Tall"},{"main_cframe":[-42.4000244140625,72.8000030517578125,32.89996337890625,-0.63001382350921630859375,0.320992946624755859375,0.707139313220977783203125,-0.00305353105068206787109375,0.909545958042144775390625,-0.4155921638011932373046875,-0.776577889919281005859375,-0.2639881074428558349609375,-0.57204639911651611328125],"structure_type":"Wall2Tall"},{"main_cframe":[-6.79998779296875,194.3000640869140625,1.4000244140625,0.0505282878875732421875,0.964606583118438720703125,0.258807599544525146484375,-0.013527691364288330078125,-0.25845396518707275390625,0.9659290313720703125,0.998631179332733154296875,-0.0523079335689544677734375,-1.049041748046875e-05],"structure_type":"Wall2Tall"},{"main_cframe":[-41.5999755859375,65.20000457763671875,37.20001220703125,-0.672501087188720703125,0.21853752434253692626953125,0.707095682621002197265625,0.00879876315593719482421875,0.957703292369842529296875,-0.287622988224029541015625,-0.740044295787811279296875,-0.18720512092113494873046875,-0.645979404449462890625],"structure_type":"Wall2Tall"},{"main_cframe":[-0.5,56.09991455078125,-59.399993896484375,0.25881063938140869140625,0.965928256511688232421875,3.467500209808349609375e-05,-0.954033434391021728515625,0.25562918186187744140625,-0.15644228458404541015625,-0.151120841503143310546875,0.040455870330333709716796875,0.98768711090087890625],"structure_type":"Wall2ShortThin"},{"main_cframe":[-8.20001220703125,194.7000579833984375,-17.70001220703125,-0.6078507900238037109375,0.75069296360015869140625,0.25879991054534912109375,0.1628747284412384033203125,-0.201119899749755859375,0.965930938720703125,0.77716743946075439453125,0.629293918609619140625,-1.811981201171875e-05],"structure_type":"Wall2Tall"},{"main_cframe":[-3.19989013671875,105.99993896484375,-21.100006103515625,0.986335933208465576171875,0.15622234344482421875,0.052306972444057464599609375,0.00078712403774261474609375,0.313027322292327880859375,-0.94974380